Timestamp,User Count,Type,Name,Requests/s,Failures/s,50%,66%,75%,80%,90%,95%,98%,99%,99.9%,99.99%,100%,Total Request Count,Total Failure Count,Total Median Response Time,Total Average Response Time,Total Min Response Time,Total Max Response Time,Total Average Content Size
1774211770,0,,Aggregated,0.000000,0.000000,N/A,N/A,N/A,N/A,N/A,N/A,N/A,N/A,N/A,N/A,N/A,0,0,0,0.0,0,0,0
1774211771,10,,Aggregated,0.000000,0.000000,N/A,N/A,N/A,N/A,N/A,N/A,N/A,N/A,N/A,N/A,N/A,0,0,0,0.0,0,0,0
1774211772,10,,Aggregated,0.000000,0.000000,N/A,N/A,N/A,N/A,N/A,N/A,N/A,N/A,N/A,N/A,N/A,0,0,0,0.0,0,0,0
1774211773,10,,Aggregated,0.000000,0.000000,N/A,N/A,N/A,N/A,N/A,N/A,N/A,N/A,N/A,N/A,N/A,0,0,0,0.0,0,0,0
1774211774,10,,Aggregated,0.000000,0.000000,N/A,N/A,N/A,N/A,N/A,N/A,N/A,N/A,N/A,N/A,N/A,0,0,0,0.0,0,0,0
1774211775,10,,Aggregated,0.000000,0.000000,N/A,N/A,N/A,N/A,N/A,N/A,N/A,N/A,N/A,N/A,N/A,0,0,0,0.0,0,0,0
1774211776,10,,Aggregated,0.000000,0.000000,5500,5500,5500,5500,5500,5500,5500,5500,5500,5500,5500,2,2,5300.0,5405.000021999967,5293.885084000067,5516.114959999868,0.0
1774211777,10,,Aggregated,0.000000,0.000000,5500,5500,5500,5500,5500,5500,5500,5500,5500,5500,5500,2,2,5300.0,5405.000021999967,5293.885084000067,5516.114959999868,0.0
1774211778,10,,Aggregated,0.000000,0.000000,5300,5300,5500,5500,5500,5500,5500,5500,5500,5500,5500,3,3,5300.0,4389.186510666605,2357.559487999879,5516.114959999868,0.0
1774211779,10,,Aggregated,0.333333,0.333333,5300,5300,5500,5500,5500,5500,5500,5500,5500,5500,5500,4,4,2500.0,3927.167999999938,2357.559487999879,5516.114959999868,0.0
1774211780,10,,Aggregated,0.285714,0.285714,5300,5500,9200,9400,9600,9600,9600,9600,9600,9600,9600,9,9,5300.0,5137.3056754444215,1003.8714150000487,9578.060335999908,0.0
1774211781,10,,Aggregated,0.375000,0.375000,5300,5500,9200,9400,9600,9600,9600,9600,9600,9600,9600,10,10,2500.0,4749.842944399961,1003.8714150000487,9578.060335999908,0.0
1774211782,10,,Aggregated,0.444444,0.444444,2500,5300,9200,9200,9400,9600,9600,9600,9600,9600,9600,12,12,2400.0,4234.036131416626,1003.8714150000487,9578.060335999908,0.0
1774211783,10,,Aggregated,0.900000,0.900000,2600,5500,9400,9600,12000,13000,13000,13000,13000,13000,13000,18,18,2500.0,5132.387557555552,1003.8714150000487,12561.517952000031,0.0
1774211784,10,,Aggregated,1.200000,1.200000,2400,5500,9400,9600,13000,13000,14000,14000,14000,14000,14000,26,26,2300.0,4866.305173230766,799.9383280002803,13760.261293999974,0.0
1774211785,10,,Aggregated,1.200000,1.200000,1600,4800,9200,9400,12000,13000,14000,14000,14000,14000,14000,31,31,1600.0,4365.680119999977,799.9383280002803,13760.261293999974,0.0
1774211786,10,,Aggregated,1.800000,1.800000,1500,2500,5300,9200,12000,13000,14000,14000,14000,14000,14000,37,37,1500.0,3847.6017414864627,594.0971730001365,13760.261293999974,0.0
1774211787,10,,Aggregated,2.500000,2.500000,1400,2300,4800,5500,12000,13000,14000,14000,14000,14000,14000,43,43,1400.0,3498.866916651147,594.0971730001365,13760.261293999974,0.0
1774211788,10,,Aggregated,3.100000,3.100000,1300,1700,2500,4800,9600,13000,13000,14000,14000,14000,14000,51,51,1300.0,3127.620812470566,587.0352359997923,13760.261293999974,0.0
1774211789,10,,Aggregated,4.100000,4.100000,1100,1500,2200,2500,9400,12000,13000,14000,14000,14000,14000,61,61,1100.0,2781.809390655728,563.3093390001704,13760.261293999974,0.0
1774211790,10,,Aggregated,4.800000,4.800000,1100,1500,1900,2400,9400,12000,13000,14000,14000,14000,14000,66,66,1000.0,2652.630417651511,563.3093390001704,13760.261293999974,0.0
1774211791,10,,Aggregated,4.800000,4.800000,1100,1400,1700,2300,9200,12000,13000,14000,14000,14000,14000,71,71,1100.0,2544.793189859153,563.3093390001704,13760.261293999974,0.0
1774211792,10,,Aggregated,5.600000,5.600000,1100,1500,1600,2200,9200,12000,13000,14000,14000,14000,14000,77,77,1100.0,2464.8015536103844,563.3093390001704,13760.261293999974,0.0
1774211793,10,,Aggregated,5.600000,5.600000,1100,1500,1600,2200,9200,12000,13000,14000,14000,14000,14000,77,77,1100.0,2464.8015536103844,563.3093390001704,13760.261293999974,0.0
1774211794,10,,Aggregated,6.100000,6.100000,1200,1500,1600,1900,5500,12000,13000,14000,14000,14000,14000,83,83,1200.0,2397.9315830843443,563.3093390001704,13760.261293999974,0.0
1774211795,10,,Aggregated,6.400000,6.400000,1300,1500,1700,2400,5500,12000,13000,14000,14000,14000,14000,89,89,1300.0,2436.7795210000004,563.3093390001704,13760.261293999974,0.0
1774211796,10,,Aggregated,5.900000,5.900000,1200,1500,1600,2200,5300,12000,13000,14000,14000,14000,14000,96,96,1100.0,2338.1477651145888,563.3093390001704,13760.261293999974,0.0
1774211797,10,,Aggregated,5.800000,5.800000,1100,1500,1600,1900,4800,9600,13000,13000,14000,14000,14000,104,104,1100.0,2239.662745451924,563.3093390001704,13760.261293999974,0.0
1774211798,10,,Aggregated,5.800000,5.800000,1100,1500,1500,1700,4800,9600,13000,13000,14000,14000,14000,110,110,1100.0,2172.7406343454436,563.3093390001704,13760.261293999974,0.0
1774211799,10,,Aggregated,5.900000,5.900000,1100,1500,1500,1700,4700,9600,13000,13000,14000,14000,14000,118,118,1100.0,2094.068732669476,563.3093390001704,13760.261293999974,0.0
1774211800,10,,Aggregated,6.100000,6.100000,1000,1400,1500,1600,3700,9400,13000,13000,14000,14000,14000,125,125,1000.0,2026.5470669039858,563.3093390001704,13760.261293999974,0.0
1774211801,10,,Aggregated,5.800000,5.800000,1000,1300,1500,1500,3700,9400,13000,13000,14000,14000,14000,135,135,1000.0,1944.8064079185112,559.4676079999772,13760.261293999974,0.0
1774211802,10,,Aggregated,5.800000,5.800000,1000,1200,1500,1500,3700,9200,13000,13000,14000,14000,14000,142,142,1000.0,1898.741302753517,559.4676079999772,13760.261293999974,0.0
1774211803,10,,Aggregated,6.200000,6.200000,1000,1100,1500,1500,3700,9200,13000,13000,14000,14000,14000,149,149,1000.0,1853.8220017382487,526.606466999965,13760.261293999974,0.0
1774211804,10,,Aggregated,6.600000,6.600000,1000,1100,1500,1500,2600,9200,12000,13000,14000,14000,14000,157,157,1000.0,1810.9175287324786,526.606466999965,13760.261293999974,0.0
1774211805,10,,Aggregated,7.000000,7.000000,1000,1100,1500,1500,2500,5500,12000,13000,14000,14000,14000,164,164,1000.0,1773.862094646333,526.606466999965,13760.261293999974,0.0
1774211806,10,,Aggregated,7.000000,7.000000,1000,1100,1400,1500,2400,5500,12000,13000,14000,14000,14000,173,173,1000.0,1729.174393757219,526.606466999965,13760.261293999974,0.0
1774211807,10,,Aggregated,7.400000,7.400000,1000,1100,1300,1500,2300,5300,12000,13000,14000,14000,14000,182,182,1000.0,1691.3321556758185,526.606466999965,13760.261293999974,0.0
1774211808,10,,Aggregated,7.700000,7.700000,1000,1000,1200,1500,2300,5300,12000,13000,14000,14000,14000,187,187,1000.0,1673.2142216791376,526.606466999965,13760.261293999974,0.0
1774211809,10,,Aggregated,7.700000,7.700000,1000,1000,1200,1500,2200,5300,12000,13000,14000,14000,14000,194,194,1000.0,1647.0528590927788,526.606466999965,13760.261293999974,0.0
1774211810,10,,Aggregated,7.600000,7.600000,1000,1000,1100,1500,1900,4800,12000,13000,14000,14000,14000,203,203,1000.0,1616.6470523990117,526.606466999965,13760.261293999974,0.0
1774211811,10,,Aggregated,7.600000,7.600000,1000,1000,1100,1400,1700,4800,12000,13000,14000,14000,14000,211,211,1000.0,1589.3746597345973,526.606466999965,13760.261293999974,0.0
1774211812,10,,Aggregated,7.800000,7.800000,1000,1000,1100,1400,1700,4800,12000,13000,14000,14000,14000,219,219,1000.0,1566.144839488584,526.606466999965,13760.261293999974,0.0
1774211813,10,,Aggregated,7.800000,7.800000,1000,1000,1100,1300,1700,4700,12000,13000,14000,14000,14000,226,226,1000.0,1548.960650699112,526.606466999965,13760.261293999974,0.0
1774211814,10,,Aggregated,7.400000,7.400000,1000,1000,1100,1200,1700,4700,12000,13000,14000,14000,14000,236,236,1000.0,1522.0982249025371,526.606466999965,13760.261293999974,0.0
1774211815,10,,Aggregated,7.400000,7.400000,1000,1000,1100,1200,1600,3700,12000,13000,14000,14000,14000,242,242,1000.0,1507.6502381239582,526.606466999965,13760.261293999974,0.0
1774211816,10,,Aggregated,7.600000,7.600000,1000,1000,1000,1200,1600,3700,12000,13000,14000,14000,14000,249,249,1000.0,1493.5481842690679,526.606466999965,13760.261293999974,0.0
1774211817,10,,Aggregated,7.900000,7.900000,1000,1000,1000,1100,1600,3700,9600,13000,14000,14000,14000,258,258,1000.0,1473.2075497558028,526.606466999965,13760.261293999974,0.0
1774211818,10,,Aggregated,7.400000,7.400000,1000,1000,1000,1100,1500,3700,9600,13000,14000,14000,14000,266,266,1000.0,1457.559305116535,526.606466999965,13760.261293999974,0.0
1774211819,10,,Aggregated,7.700000,7.700000,1000,1000,1000,1100,1500,3700,9600,13000,14000,14000,14000,273,273,1000.0,1440.936185003657,526.606466999965,13760.261293999974,0.0
1774211820,10,,Aggregated,7.700000,7.700000,1000,1000,1000,1100,1500,3700,9600,13000,14000,14000,14000,280,280,1000.0,1428.5728943535655,526.606466999965,13760.261293999974,0.0
1774211821,10,,Aggregated,7.700000,7.700000,1000,1000,1000,1100,1500,3700,9600,13000,14000,14000,14000,289,289,1000.0,1413.900940439439,526.606466999965,13760.261293999974,0.0
1774211822,10,,Aggregated,7.700000,7.700000,1000,1000,1000,1100,1500,3700,9600,13000,14000,14000,14000,297,297,1000.0,1403.0751000706978,526.606466999965,13760.261293999974,0.0
1774211823,10,,Aggregated,7.700000,7.700000,1000,1000,1000,1100,1500,2600,9400,12000,14000,14000,14000,303,303,1000.0,1393.813901792071,526.606466999965,13760.261293999974,0.0
1774211824,10,,Aggregated,7.800000,7.800000,1000,1000,1000,1000,1500,2600,9400,12000,14000,14000,14000,311,311,1000.0,1384.022544897098,526.606466999965,13760.261293999974,0.0
1774211825,10,,Aggregated,7.500000,7.500000,1000,1000,1000,1000,1500,2600,9400,12000,14000,14000,14000,319,319,1000.0,1374.7202996551664,526.606466999965,13760.261293999974,0.0
1774211826,10,,Aggregated,7.800000,7.800000,1000,1000,1000,1000,1500,2500,9400,12000,14000,14000,14000,328,328,1000.0,1360.5512683597508,526.606466999965,13760.261293999974,0.0
1774211827,10,,Aggregated,7.300000,7.300000,1000,1000,1000,1000,1500,2500,9400,12000,14000,14000,14000,333,333,1000.0,1353.9476251531476,526.606466999965,13760.261293999974,0.0
1774211828,10,,Aggregated,7.800000,7.800000,1000,1000,1000,1000,1500,2400,9400,12000,14000,14000,14000,341,341,1000.0,1345.8642717477967,526.606466999965,13760.261293999974,0.0
1774211829,10,,Aggregated,7.500000,7.500000,1000,1000,1000,1000,1500,2400,9400,12000,14000,14000,14000,350,350,1000.0,1334.5127592428535,526.606466999965,13760.261293999974,0.0
1774211830,10,,Aggregated,7.600000,7.600000,1000,1000,1000,1000,1500,2400,9200,12000,14000,14000,14000,359,359,1000.0,1325.1037402116924,526.606466999965,13760.261293999974,0.0
1774211831,10,,Aggregated,7.800000,7.800000,1000,1000,1000,1000,1500,2300,9200,12000,14000,14000,14000,365,365,1000.0,1318.6686368520482,526.606466999965,13760.261293999974,0.0
1774211832,10,,Aggregated,7.500000,7.500000,1000,1000,1000,1000,1500,2300,9200,12000,14000,14000,14000,373,373,1000.0,1309.5265331179548,526.606466999965,13760.261293999974,0.0
1774211833,10,,Aggregated,7.400000,7.400000,1000,1000,1000,1000,1500,2200,9200,12000,14000,14000,14000,382,382,1000.0,1302.482167225126,526.606466999965,13760.261293999974,0.0
1774211834,10,,Aggregated,7.800000,7.800000,1000,1000,1000,1000,1500,2200,9200,12000,14000,14000,14000,389,389,1000.0,1294.770385221073,523.7223399999493,13760.261293999974,0.0
1774211835,10,,Aggregated,7.700000,7.700000,1000,1000,1000,1000,1500,2200,9200,12000,14000,14000,14000,397,397,1000.0,1287.9583058261883,523.7223399999493,13760.261293999974,0.0
1774211836,10,,Aggregated,7.700000,7.700000,1000,1000,1000,1000,1500,1900,5500,12000,14000,14000,14000,403,403,1000.0,1283.83139983374,523.7223399999493,13760.261293999974,0.0
1774211837,10,,Aggregated,7.800000,7.800000,1000,1000,1000,1000,1400,1900,5500,12000,14000,14000,14000,412,412,1000.0,1276.8635535194098,523.7223399999493,13760.261293999974,0.0
1774211838,10,,Aggregated,7.600000,7.600000,1000,1000,1000,1000,1400,1900,5500,12000,14000,14000,14000,420,420,1000.0,1271.8170082095182,523.7223399999493,13760.261293999974,0.0
1774211839,10,,Aggregated,7.800000,7.800000,1000,1000,1000,1000,1400,1700,5500,12000,14000,14000,14000,426,426,1000.0,1268.077047359148,523.7223399999493,13760.261293999974,0.0
1774211840,10,,Aggregated,7.600000,7.600000,1000,1000,1000,1000,1400,1700,5500,12000,14000,14000,14000,434,434,1000.0,1262.256244405526,523.7223399999493,13760.261293999974,0.0
1774211841,10,,Aggregated,7.600000,7.600000,1000,1000,1000,1000,1300,1700,5500,12000,14000,14000,14000,442,442,1000.0,1254.545215490944,523.7223399999493,13760.261293999974,0.0
1774211842,10,,Aggregated,7.600000,7.600000,1000,1000,1000,1000,1300,1700,5500,12000,14000,14000,14000,450,450,1000.0,1249.1742632933274,523.7223399999493,13760.261293999974,0.0
1774211843,10,,Aggregated,8.000000,8.000000,1000,1000,1000,1000,1300,1700,5300,12000,14000,14000,14000,458,458,1000.0,1244.9410223624398,523.7223399999493,13760.261293999974,0.0
1774211844,10,,Aggregated,7.600000,7.600000,1000,1000,1000,1000,1200,1700,5300,12000,14000,14000,14000,464,464,1000.0,1241.8941170237,523.7223399999493,13760.261293999974,0.0
1774211845,10,,Aggregated,7.800000,7.800000,1000,1000,1000,1000,1200,1700,5300,12000,14000,14000,14000,472,472,1000.0,1236.9799391800793,523.7223399999493,13760.261293999974,0.0
1774211846,10,,Aggregated,7.500000,7.500000,1000,1000,1000,1000,1200,1700,5300,12000,14000,14000,14000,480,480,1000.0,1231.370371637495,523.7223399999493,13760.261293999974,0.0
1774211847,10,,Aggregated,7.800000,7.800000,1000,1000,1000,1000,1200,1600,5300,12000,14000,14000,14000,488,488,1000.0,1227.4578442336024,523.7223399999493,13760.261293999974,0.0
1774211848,10,,Aggregated,7.600000,7.600000,1000,1000,1000,1000,1200,1600,5300,12000,14000,14000,14000,496,496,1000.0,1223.067884512093,523.7223399999493,13760.261293999974,0.0
1774211849,10,,Aggregated,7.400000,7.400000,1000,1000,1000,1000,1100,1600,4800,9600,14000,14000,14000,503,503,1000.0,1217.2755871829006,523.7223399999493,13760.261293999974,0.0
1774211850,10,,Aggregated,7.600000,7.600000,1000,1000,1000,1000,1100,1600,4800,9600,14000,14000,14000,512,512,1000.0,1212.7312339804678,523.7223399999493,13760.261293999974,0.0
1774211851,10,,Aggregated,7.800000,7.800000,1000,1000,1000,1000,1100,1600,4800,9600,14000,14000,14000,520,520,1000.0,1207.9058724730762,523.7223399999493,13760.261293999974,0.0
1774211852,10,,Aggregated,7.800000,7.800000,1000,1000,1000,1000,1100,1500,4800,9600,14000,14000,14000,524,524,1000.0,1206.399123589694,523.7223399999493,13760.261293999974,0.0
1774211853,10,,Aggregated,7.200000,7.200000,1000,1000,1000,1000,1100,1500,4800,9600,14000,14000,14000,534,534,1000.0,1202.740764919475,523.7223399999493,13760.261293999974,0.0
1774211854,10,,Aggregated,7.600000,7.600000,1000,1000,1000,1000,1100,1500,4800,9600,14000,14000,14000,542,542,1000.0,1199.9085152546124,523.7223399999493,13760.261293999974,0.0
1774211855,10,,Aggregated,7.600000,7.600000,1000,1000,1000,1000,1100,1500,4800,9600,14000,14000,14000,550,550,1000.0,1196.2735629709082,523.7223399999493,13760.261293999974,0.0
1774211856,10,,Aggregated,7.700000,7.700000,1000,1000,1000,1000,1100,1500,4700,9600,14000,14000,14000,556,556,1000.0,1193.4410469766176,523.7223399999493,13760.261293999974,0.0
1774211857,10,,Aggregated,7.400000,7.400000,1000,1000,1000,1000,1100,1500,4700,9600,14000,14000,14000,563,563,1000.0,1191.1425091598574,523.7223399999493,13760.261293999974,0.0
1774211858,10,,Aggregated,7.400000,7.400000,1000,1000,1000,1000,1100,1500,4700,9600,14000,14000,14000,570,570,1000.0,1188.8765275842093,523.7223399999493,13760.261293999974,0.0
1774211859,10,,Aggregated,7.700000,7.700000,1000,1000,1000,1000,1100,1500,4700,9600,14000,14000,14000,580,580,1000.0,1185.826937227585,523.7223399999493,13760.261293999974,0.0
1774211860,10,,Aggregated,7.800000,7.800000,1000,1000,1000,1000,1100,1500,4700,9600,14000,14000,14000,587,587,1000.0,1183.0930173373058,523.7223399999493,13760.261293999974,0.0
1774211861,10,,Aggregated,7.400000,7.400000,1000,1000,1000,1000,1100,1500,4700,9600,14000,14000,14000,593,593,1000.0,1180.073563674533,523.7223399999493,13760.261293999974,0.0
1774211862,10,,Aggregated,7.200000,7.200000,1000,1000,1000,1000,1100,1500,3700,9400,14000,14000,14000,601,601,1000.0,1177.8105846389337,523.7223399999493,13760.261293999974,0.0
1774211863,10,,Aggregated,7.700000,7.700000,1000,1000,1000,1000,1100,1500,3700,9400,14000,14000,14000,610,610,1000.0,1173.8584548327858,523.7223399999493,13760.261293999974,0.0
1774211864,10,,Aggregated,7.600000,7.600000,1000,1000,1000,1000,1100,1500,3700,9400,14000,14000,14000,618,618,1000.0,1171.763399155339,523.7223399999493,13760.261293999974,0.0
1774211865,10,,Aggregated,7.500000,7.500000,1000,1000,1000,1000,1000,1500,3700,9400,14000,14000,14000,623,623,1000.0,1170.4740361637223,523.7223399999493,13760.261293999974,0.0
1774211866,10,,Aggregated,7.400000,7.400000,1000,1000,1000,1000,1000,1500,3700,9400,14000,14000,14000,632,632,1000.0,1166.782111799048,523.7223399999493,13760.261293999974,0.0
1774211867,10,,Aggregated,7.600000,7.600000,1000,1000,1000,1000,1000,1500,3700,9400,14000,14000,14000,641,641,1000.0,1164.5764392090457,523.7223399999493,13760.261293999974,0.0
1774211868,10,,Aggregated,7.700000,7.700000,1000,1000,1000,1000,1000,1500,3700,9400,14000,14000,14000,648,648,1000.0,1160.8172376944433,523.7223399999493,13760.261293999974,0.0
1774211869,10,,Aggregated,7.600000,7.600000,1000,1000,1000,1000,1000,1500,3700,9400,14000,14000,14000,655,655,1000.0,1158.534487444275,523.7223399999493,13760.261293999974,0.0
1774211870,10,,Aggregated,7.600000,7.600000,1000,1000,1000,1000,1000,1500,3700,9400,14000,14000,14000,661,661,1000.0,1157.2212538759459,523.7223399999493,13760.261293999974,0.0
1774211871,10,,Aggregated,7.700000,7.700000,1000,1000,1000,1000,1000,1500,3700,9400,14000,14000,14000,671,671,1000.0,1153.677086241431,523.7223399999493,13760.261293999974,0.0
1774211872,10,,Aggregated,7.900000,7.900000,1000,1000,1000,1000,1000,1500,3700,9400,14000,14000,14000,680,680,1000.0,1151.0539864735304,523.7223399999493,13760.261293999974,0.0
1774211873,10,,Aggregated,7.700000,7.700000,1000,1000,1000,1000,1000,1500,3700,9400,14000,14000,14000,688,688,1000.0,1148.27622123256,523.7223399999493,13760.261293999974,0.0
1774211874,10,,Aggregated,7.500000,7.500000,1000,1000,1000,1000,1000,1500,3700,9400,14000,14000,14000,695,695,1000.0,1145.554727684894,523.7223399999493,13760.261293999974,0.0
1774211875,10,,Aggregated,7.500000,7.500000,1000,1000,1000,1000,1000,1500,3700,9200,14000,14000,14000,702,702,1000.0,1144.22735436325,523.7223399999493,13760.261293999974,0.0
1774211876,10,,Aggregated,7.800000,7.800000,1000,1000,1000,1000,1000,1500,3700,9200,14000,14000,14000,710,710,1000.0,1142.6832886084537,523.7223399999493,13760.261293999974,0.0
1774211877,10,,Aggregated,7.800000,7.800000,1000,1000,1000,1000,1000,1500,3700,9200,14000,14000,14000,717,717,1000.0,1141.391808765693,523.7223399999493,13760.261293999974,0.0
1774211878,10,,Aggregated,7.600000,7.600000,1000,1000,1000,1000,1000,1500,3700,9200,14000,14000,14000,725,725,1000.0,1139.9149268096573,523.7223399999493,13760.261293999974,0.0
1774211879,10,,Aggregated,7.600000,7.600000,1000,1000,1000,1000,1000,1500,3700,9200,14000,14000,14000,732,732,1000.0,1138.1052582827886,523.7223399999493,13760.261293999974,0.0
1774211880,10,,Aggregated,7.800000,7.800000,1000,1000,1000,1000,1000,1500,3700,9200,14000,14000,14000,739,739,1000.0,1136.8960158836283,523.7223399999493,13760.261293999974,0.0
1774211881,10,,Aggregated,7.600000,7.600000,1000,1000,1000,1000,1000,1500,3700,9200,14000,14000,14000,746,746,1000.0,1135.0707069115297,523.7223399999493,13760.261293999974,0.0
1774211882,10,,Aggregated,7.500000,7.500000,1000,1000,1000,1000,1000,1500,2600,9200,14000,14000,14000,755,755,1000.0,1133.561916637087,523.7223399999493,13760.261293999974,0.0
1774211883,10,,Aggregated,7.600000,7.600000,1000,1000,1000,1000,1000,1500,2600,9200,14000,14000,14000,765,765,1000.0,1130.1385699150333,523.7223399999493,13760.261293999974,0.0
1774211884,10,,Aggregated,7.600000,7.600000,1000,1000,1000,1000,1000,1500,2600,9200,14000,14000,14000,771,771,1000.0,1129.2268152658894,523.7223399999493,13760.261293999974,0.0
1774211885,10,,Aggregated,7.600000,7.600000,1000,1000,1000,1000,1000,1500,2600,9200,14000,14000,14000,777,777,1000.0,1127.551510884171,523.7223399999493,13760.261293999974,0.0
1774211886,10,,Aggregated,7.400000,7.400000,1000,1000,1000,1000,1000,1500,2600,9200,14000,14000,14000,786,786,1000.0,1125.6778687506367,523.7223399999493,13760.261293999974,0.0
1774211887,10,,Aggregated,7.600000,7.600000,1000,1000,1000,1000,1000,1500,2600,9200,14000,14000,14000,794,794,1000.0,1124.527872974811,523.7223399999493,13760.261293999974,0.0
1774211888,10,,Aggregated,7.600000,7.600000,1000,1000,1000,1000,1000,1500,2500,5500,14000,14000,14000,802,802,1000.0,1122.2701378765587,523.7223399999493,13760.261293999974,0.0
1774211889,10,,Aggregated,7.500000,7.500000,1000,1000,1000,1000,1000,1500,2500,5500,14000,14000,14000,811,811,1000.0,1119.2541106892713,523.7223399999493,13760.261293999974,0.0
1774211890,10,,Aggregated,7.600000,7.600000,1000,1000,1000,1000,1000,1500,2500,5500,14000,14000,14000,819,819,1000.0,1116.490701041513,523.7223399999493,13760.261293999974,0.0
1774211891,10,,Aggregated,7.600000,7.600000,1000,1000,1000,1000,1000,1400,2500,5500,14000,14000,14000,825,825,1000.0,1115.1389443406044,523.7223399999493,13760.261293999974,0.0
1774211892,10,,Aggregated,7.700000,7.700000,1000,1000,1000,1000,1000,1400,2500,5500,14000,14000,14000,834,834,1000.0,1113.5145161318922,523.7223399999493,13760.261293999974,0.0
1774211893,10,,Aggregated,7.800000,7.800000,1000,1000,1000,1000,1000,1400,2500,5500,14000,14000,14000,840,840,1000.0,1112.767436448807,523.7223399999493,13760.261293999974,0.0
1774211894,10,,Aggregated,7.700000,7.700000,1000,1000,1000,1000,1000,1400,2500,5500,14000,14000,14000,848,848,1000.0,1111.270195484667,523.7223399999493,13760.261293999974,0.0
1774211895,10,,Aggregated,7.800000,7.800000,1000,1000,1000,1000,1000,1400,2400,5500,14000,14000,14000,855,855,1000.0,1110.4341396970735,523.7223399999493,13760.261293999974,0.0
1774211896,10,,Aggregated,7.900000,7.900000,1000,1000,1000,1000,1000,1400,2400,5500,14000,14000,14000,863,863,1000.0,1109.4969927311677,523.7223399999493,13760.261293999974,0.0
1774211897,10,,Aggregated,7.600000,7.600000,1000,1000,1000,1000,1000,1400,2400,5500,14000,14000,14000,870,870,1000.0,1108.1953736528715,523.7223399999493,13760.261293999974,0.0
1774211898,10,,Aggregated,7.700000,7.700000,1000,1000,1000,1000,1000,1400,2400,5500,14000,14000,14000,878,878,1000.0,1107.3013410045537,523.7223399999493,13760.261293999974,0.0
1774211899,10,,Aggregated,7.800000,7.800000,1000,1000,1000,1000,1000,1300,2400,5500,14000,14000,14000,886,886,1000.0,1106.424019873587,523.7223399999493,13760.261293999974,0.0
1774211900,10,,Aggregated,7.700000,7.700000,1000,1000,1000,1000,1000,1300,2400,5500,14000,14000,14000,894,894,1000.0,1105.5611251689027,523.7223399999493,13760.261293999974,0.0
1774211901,10,,Aggregated,7.700000,7.700000,1000,1000,1000,1000,1000,1300,2400,5500,14000,14000,14000,899,899,1000.0,1104.0847141479417,523.7223399999493,13760.261293999974,0.0
1774211902,10,,Aggregated,7.400000,7.400000,1000,1000,1000,1000,1000,1300,2300,5300,14000,14000,14000,909,909,1000.0,1102.5979454246412,523.7223399999493,13760.261293999974,0.0
1774211903,10,,Aggregated,7.600000,7.600000,1000,1000,1000,1000,1000,1300,2300,5300,14000,14000,14000,917,917,1000.0,1101.778892396946,523.7223399999493,13760.261293999974,0.0
1774211904,10,,Aggregated,7.600000,7.600000,1000,1000,1000,1000,1000,1200,2300,5300,14000,14000,14000,923,923,1000.0,1100.658360793066,523.7223399999493,13760.261293999974,0.0
1774211905,10,,Aggregated,7.300000,7.300000,1000,1000,1000,1000,1000,1200,2300,5300,14000,14000,14000,931,931,1000.0,1099.9008957261003,523.7223399999493,13760.261293999974,0.0
1774211906,10,,Aggregated,7.400000,7.400000,1000,1000,1000,1000,1000,1200,2300,5300,14000,14000,14000,938,938,1000.0,1099.2428910991466,523.7223399999493,13760.261293999974,0.0
1774211907,10,,Aggregated,7.500000,7.500000,1000,1000,1000,1000,1000,1200,2300,5300,14000,14000,14000,947,947,1000.0,1098.3827461974652,523.7223399999493,13760.261293999974,0.0
1774211908,10,,Aggregated,7.400000,7.400000,1000,1000,1000,1000,1000,1200,2200,5300,14000,14000,14000,954,954,1000.0,1097.736480332284,523.7223399999493,13760.261293999974,0.0
1774211909,10,,Aggregated,7.400000,7.400000,1000,1000,1000,1000,1000,1200,2200,5300,14000,14000,14000,961,961,1000.0,1096.122904486991,523.7223399999493,13760.261293999974,0.0
1774211910,10,,Aggregated,7.400000,7.400000,1000,1000,1000,1000,1000,1200,2200,5300,14000,14000,14000,969,969,1000.0,1094.9867383147555,523.7223399999493,13760.261293999974,0.0
1774211911,10,,Aggregated,7.600000,7.600000,1000,1000,1000,1000,1000,1200,2200,5300,14000,14000,14000,976,976,1000.0,1093.417267776637,523.7223399999493,13760.261293999974,0.0
1774211912,10,,Aggregated,7.600000,7.600000,1000,1000,1000,1000,1000,1200,2200,5300,14000,14000,14000,985,985,1000.0,1092.6203787492357,523.7223399999493,13760.261293999974,0.0
1774211913,10,,Aggregated,7.400000,7.400000,1000,1000,1000,1000,1000,1200,2200,5300,14000,14000,14000,991,991,1000.0,1091.2016685499475,523.7223399999493,13760.261293999974,0.0
1774211914,10,,Aggregated,7.500000,7.500000,1000,1000,1000,1000,1000,1100,1900,4800,13000,14000,14000,1001,1001,1000.0,1089.9533373366614,523.7223399999493,13760.261293999974,0.0
1774211915,10,,Aggregated,7.900000,7.900000,1000,1000,1000,1000,1000,1100,1900,4800,13000,14000,14000,1008,1008,1000.0,1088.484576978172,523.7223399999493,13760.261293999974,0.0
1774211916,10,,Aggregated,7.700000,7.700000,1000,1000,1000,1000,1000,1100,1900,4800,13000,14000,14000,1015,1015,1000.0,1087.9679493586173,523.7223399999493,13760.261293999974,0.0
1774211917,10,,Aggregated,7.800000,7.800000,1000,1000,1000,1000,1000,1100,1900,4800,13000,14000,14000,1025,1025,1000.0,1085.4071662478013,523.7223399999493,13760.261293999974,0.0
1774211918,10,,Aggregated,7.800000,7.800000,1000,1000,1000,1000,1000,1100,1900,4800,13000,14000,14000,1032,1032,1000.0,1083.9969437751906,523.7223399999493,13760.261293999974,0.0
1774211919,10,,Aggregated,7.800000,7.800000,1000,1000,1000,1000,1000,1100,1900,4800,13000,14000,14000,1040,1040,1000.0,1083.430211799035,523.7223399999493,13760.261293999974,0.0
1774211920,10,,Aggregated,7.700000,7.700000,1000,1000,1000,1000,1000,1100,1900,4800,13000,14000,14000,1047,1047,1000.0,1082.9713362445048,523.7223399999493,13760.261293999974,0.0
1774211921,10,,Aggregated,7.700000,7.700000,1000,1000,1000,1000,1000,1100,1700,4800,13000,14000,14000,1055,1055,1000.0,1081.5449045526027,523.7223399999493,13760.261293999974,0.0
1774211922,10,,Aggregated,7.800000,7.800000,1000,1000,1000,1000,1000,1100,1700,4800,13000,14000,14000,1061,1061,1000.0,1080.7043292045205,523.7223399999493,13760.261293999974,0.0
1774211923,10,,Aggregated,7.700000,7.700000,1000,1000,1000,1000,1000,1100,1700,4800,13000,14000,14000,1068,1068,1000.0,1080.2534396572996,523.7223399999493,13760.261293999974,0.0
1774211924,10,,Aggregated,7.900000,7.900000,1000,1000,1000,1000,1000,1100,1700,4800,13000,14000,14000,1079,1079,1000.0,1079.110688409635,523.7223399999493,13760.261293999974,0.0
1774211925,10,,Aggregated,7.500000,7.500000,1000,1000,1000,1000,1000,1100,1700,4800,13000,14000,14000,1084,1084,1000.0,1078.3602765904025,523.7223399999493,13760.261293999974,0.0
1774211926,10,,Aggregated,7.600000,7.600000,1000,1000,1000,1000,1000,1100,1700,4800,13000,14000,14000,1091,1091,1000.0,1077.5032725426174,523.7223399999493,13760.261293999974,0.0
1774211927,10,,Aggregated,7.500000,7.500000,1000,1000,1000,1000,1000,1100,1700,4800,13000,14000,14000,1100,1100,1000.0,1076.5508903009047,523.7223399999493,13760.261293999974,0.0
1774211928,10,,Aggregated,7.500000,7.500000,1000,1000,1000,1000,1000,1100,1700,4700,13000,14000,14000,1109,1109,1000.0,1075.6243880685265,523.7223399999493,13760.261293999974,0.0
1774211929,10,,Aggregated,7.600000,7.600000,1000,1000,1000,1000,1000,1100,1700,4700,13000,14000,14000,1116,1116,1000.0,1074.361068397846,523.7223399999493,13760.261293999974,0.0
1774211930,10,,Aggregated,7.600000,7.600000,1000,1000,1000,1000,1000,1100,1700,4700,13000,14000,14000,1125,1125,1000.0,1073.8424509484412,523.7223399999493,13760.261293999974,0.0
1774211931,10,,Aggregated,7.600000,7.600000,1000,1000,1000,1000,1000,1100,1700,4700,13000,14000,14000,1130,1130,1000.0,1073.5537394982273,523.7223399999493,13760.261293999974,0.0
1774211932,10,,Aggregated,7.500000,7.500000,1000,1000,1000,1000,1000,1100,1700,4700,13000,14000,14000,1137,1137,1000.0,1073.168355817939,523.7223399999493,13760.261293999974,0.0
1774211933,10,,Aggregated,7.700000,7.700000,1000,1000,1000,1000,1000,1100,1700,4700,13000,14000,14000,1146,1146,1000.0,1072.2373208507827,523.7223399999493,13760.261293999974,0.0
1774211934,10,,Aggregated,7.400000,7.400000,1000,1000,1000,1000,1000,1100,1700,4700,13000,14000,14000,1155,1155,1000.0,1071.7491907030276,523.7223399999493,13760.261293999974,0.0
1774211935,10,,Aggregated,7.400000,7.400000,1000,1000,1000,1000,1000,1100,1700,4700,13000,14000,14000,1161,1161,1000.0,1070.668851406543,523.7223399999493,13760.261293999974,0.0
1774211936,10,,Aggregated,7.500000,7.500000,1000,1000,1000,1000,1000,1100,1700,4700,13000,14000,14000,1166,1166,1000.0,1070.3931009605467,523.7223399999493,13760.261293999974,0.0
1774211937,10,,Aggregated,7.700000,7.700000,1000,1000,1000,1000,1000,1100,1700,4700,13000,14000,14000,1176,1176,1000.0,1069.889325193875,523.7223399999493,13760.261293999974,0.0
1774211938,10,,Aggregated,7.800000,7.800000,1000,1000,1000,1000,1000,1100,1700,4700,13000,14000,14000,1185,1185,1000.0,1069.0930395603348,523.7223399999493,13760.261293999974,0.0
1774211939,10,,Aggregated,7.300000,7.300000,1000,1000,1000,1000,1000,1100,1700,4700,13000,14000,14000,1190,1190,1000.0,1068.4853797848712,523.7223399999493,13760.261293999974,0.0
1774211940,10,,Aggregated,7.500000,7.500000,1000,1000,1000,1000,1000,1100,1700,4700,13000,14000,14000,1197,1197,1000.0,1068.1495230593123,523.7223399999493,13760.261293999974,0.0
1774211941,10,,Aggregated,7.600000,7.600000,1000,1000,1000,1000,1000,1100,1600,3700,13000,14000,14000,1206,1206,1000.0,1067.740622116084,523.7223399999493,13760.261293999974,0.0
1774211942,10,,Aggregated,7.700000,7.700000,1000,1000,1000,1000,1000,1100,1600,3700,13000,14000,14000,1215,1215,1000.0,1066.597911306993,523.7223399999493,13760.261293999974,0.0
1774211943,10,,Aggregated,7.100000,7.100000,1000,1000,1000,1000,1000,1100,1600,3700,13000,14000,14000,1220,1220,1000.0,1066.346940972129,523.7223399999493,13760.261293999974,0.0
1774211944,10,,Aggregated,7.400000,7.400000,1000,1000,1000,1000,1000,1100,1600,3700,13000,14000,14000,1228,1228,1000.0,1065.6304251172614,523.7223399999493,13760.261293999974,0.0
1774211945,10,,Aggregated,7.900000,7.900000,1000,1000,1000,1000,1000,1100,1600,3700,13000,14000,14000,1236,1236,1000.0,1065.287495885919,523.7223399999493,13760.261293999974,0.0
1774211946,10,,Aggregated,7.500000,7.500000,1000,1000,1000,1000,1000,1000,1600,3700,13000,14000,14000,1244,1244,1000.0,1064.5516065522477,523.7223399999493,13760.261293999974,0.0
1774211947,10,,Aggregated,7.300000,7.300000,1000,1000,1000,1000,1000,1000,1600,3700,13000,14000,14000,1251,1251,1000.0,1063.886376151076,523.7223399999493,13760.261293999974,0.0
1774211948,10,,Aggregated,7.200000,7.200000,1000,1000,1000,1000,1000,1000,1600,3700,13000,14000,14000,1259,1259,1000.0,1063.1955407474156,523.7223399999493,13760.261293999974,0.0
1774211949,10,,Aggregated,7.700000,7.700000,1000,1000,1000,1000,1000,1000,1600,3700,13000,14000,14000,1269,1269,1000.0,1062.4000662237954,523.7223399999493,13760.261293999974,0.0
1774211950,10,,Aggregated,7.700000,7.700000,1000,1000,1000,1000,1000,1000,1600,3700,13000,14000,14000,1275,1275,1000.0,1061.4252002337225,523.7223399999493,13760.261293999974,0.0
1774211951,10,,Aggregated,7.300000,7.300000,1000,1000,1000,1000,1000,1000,1600,3700,13000,14000,14000,1281,1281,1000.0,1060.4788378969524,523.7223399999493,13760.261293999974,0.0
1774211952,10,,Aggregated,7.600000,7.600000,1000,1000,1000,1000,1000,1000,1600,3700,13000,14000,14000,1291,1291,1000.0,1059.7162158257133,523.7223399999493,13760.261293999974,0.0
1774211953,10,,Aggregated,8.000000,8.000000,1000,1000,1000,1000,1000,1000,1600,3700,13000,14000,14000,1299,1299,1000.0,1059.0537790230917,523.7223399999493,13760.261293999974,0.0
1774211954,10,,Aggregated,7.600000,7.600000,1000,1000,1000,1000,1000,1000,1500,3700,13000,14000,14000,1307,1307,1000.0,1058.041762081864,523.7223399999493,13760.261293999974,0.0
1774211955,10,,Aggregated,7.500000,7.500000,1000,1000,1000,1000,1000,1000,1500,3700,13000,14000,14000,1312,1312,1000.0,1057.8729731989304,523.7223399999493,13760.261293999974,0.0
1774211956,10,,Aggregated,7.900000,7.900000,1000,1000,1000,1000,1000,1000,1500,3700,13000,14000,14000,1321,1321,1000.0,1057.5506069682033,523.7223399999493,13760.261293999974,0.0
1774211957,10,,Aggregated,7.800000,7.800000,1000,1000,1000,1000,1000,1000,1500,3700,13000,14000,14000,1328,1328,1000.0,1057.2893691558704,523.7223399999493,13760.261293999974,0.0
1774211959,10,,Aggregated,7.700000,7.700000,1000,1000,1000,1000,1000,1000,1500,3700,13000,14000,14000,1334,1334,1000.0,1057.0668371656639,523.7223399999493,13760.261293999974,0.0
1774211960,10,,Aggregated,7.700000,7.700000,1000,1000,1000,1000,1000,1000,1500,3700,13000,14000,14000,1344,1344,1000.0,1056.3782724717232,523.7223399999493,13760.261293999974,0.0
1774211961,10,,Aggregated,7.500000,7.500000,1000,1000,1000,1000,1000,1000,1500,3700,13000,14000,14000,1352,1352,1000.0,1055.4463414585764,523.7223399999493,13760.261293999974,0.0
1774211962,10,,Aggregated,7.500000,7.500000,1000,1000,1000,1000,1000,1000,1500,3700,13000,14000,14000,1359,1359,1000.0,1054.275017593816,523.7223399999493,13760.261293999974,0.0
1774211963,10,,Aggregated,7.500000,7.500000,1000,1000,1000,1000,1000,1000,1500,3700,13000,14000,14000,1367,1367,1000.0,1054.025701170443,523.7223399999493,13760.261293999974,0.0
1774211964,10,,Aggregated,7.500000,7.500000,1000,1000,1000,1000,1000,1000,1500,3700,13000,14000,14000,1375,1375,1000.0,1053.7741172596334,523.7223399999493,13760.261293999974,0.0
1774211965,10,,Aggregated,7.700000,7.700000,1000,1000,1000,1000,1000,1000,1500,3700,13000,14000,14000,1382,1382,1000.0,1053.5455871664228,523.7223399999493,13760.261293999974,0.0
1774211966,10,,Aggregated,7.600000,7.600000,1000,1000,1000,1000,1000,1000,1500,3700,13000,14000,14000,1389,1389,1000.0,1053.3317410028772,523.7223399999493,13760.261293999974,0.0
1774211967,10,,Aggregated,7.500000,7.500000,1000,1000,1000,1000,1000,1000,1500,3700,13000,14000,14000,1396,1396,1000.0,1053.109745640398,523.7223399999493,13760.261293999974,0.0
1774211968,10,,Aggregated,7.500000,7.500000,1000,1000,1000,1000,1000,1000,1500,3700,13000,14000,14000,1404,1404,1000.0,1052.5168836410228,523.7223399999493,13760.261293999974,0.0
1774211969,10,,Aggregated,7.600000,7.600000,1000,1000,1000,1000,1000,1000,1500,3700,13000,14000,14000,1413,1413,1000.0,1051.9087428181144,523.7223399999493,13760.261293999974,0.0
1774211970,10,,Aggregated,7.500000,7.500000,1000,1000,1000,1000,1000,1000,1500,3700,13000,14000,14000,1419,1419,1000.0,1051.3913533495388,523.7223399999493,13760.261293999974,0.0
1774211971,10,,Aggregated,7.900000,7.900000,1000,1000,1000,1000,1000,1000,1500,3700,13000,14000,14000,1428,1428,1000.0,1050.4781165245074,523.7223399999493,13760.261293999974,0.0
1774211972,10,,Aggregated,7.900000,7.900000,1000,1000,1000,1000,1000,1000,1500,3700,13000,14000,14000,1435,1435,1000.0,1049.9672481853636,523.7223399999493,13760.261293999974,0.0
1774211973,10,,Aggregated,7.500000,7.500000,1000,1000,1000,1000,1000,1000,1500,3700,13000,14000,14000,1442,1442,1000.0,1049.4618797981946,523.7223399999493,13760.261293999974,0.0
1774211974,10,,Aggregated,7.600000,7.600000,1000,1000,1000,1000,1000,1000,1500,3700,13000,14000,14000,1452,1452,1000.0,1048.9036185723112,523.7223399999493,13760.261293999974,0.0
1774211975,10,,Aggregated,7.500000,7.500000,1000,1000,1000,1000,1000,1000,1500,3700,13000,14000,14000,1457,1457,1000.0,1048.4634766568265,523.7223399999493,13760.261293999974,0.0
1774211976,10,,Aggregated,7.500000,7.500000,1000,1000,1000,1000,1000,1000,1500,3700,13000,14000,14000,1465,1465,1000.0,1048.2399351631373,523.7223399999493,13760.261293999974,0.0
1774211977,10,,Aggregated,7.300000,7.300000,1000,1000,1000,1000,1000,1000,1500,3700,13000,14000,14000,1475,1475,1000.0,1047.3959746345738,523.7223399999493,13760.261293999974,0.0
1774211978,10,,Aggregated,7.600000,7.600000,1000,1000,1000,1000,1000,1000,1500,3700,13000,14000,14000,1483,1483,1000.0,1047.1994919804417,523.7223399999493,13760.261293999974,0.0
1774211979,10,,Aggregated,7.800000,7.800000,1000,1000,1000,1000,1000,1000,1500,3700,13000,14000,14000,1487,1487,1000.0,1046.7750391950203,523.7223399999493,13760.261293999974,0.0
1774211980,10,,Aggregated,7.800000,7.800000,1000,1000,1000,1000,1000,1000,1500,3700,13000,14000,14000,1495,1495,1000.0,1046.5291745685583,523.7223399999493,13760.261293999974,0.0
1774211981,10,,Aggregated,7.500000,7.500000,1000,1000,1000,1000,1000,1000,1500,2600,13000,14000,14000,1505,1505,1000.0,1046.2839582059773,523.7223399999493,13760.261293999974,0.0
1774211982,10,,Aggregated,7.600000,7.600000,1000,1000,1000,1000,1000,1000,1500,2600,13000,14000,14000,1512,1512,1000.0,1045.8072074973513,523.7223399999493,13760.261293999974,0.0
1774211983,10,,Aggregated,7.900000,7.900000,1000,1000,1000,1000,1000,1000,1500,2600,13000,14000,14000,1518,1518,1000.0,1045.3876689881388,523.7223399999493,13760.261293999974,0.0
1774211984,10,,Aggregated,7.900000,7.900000,1000,1000,1000,1000,1000,1000,1500,2600,13000,14000,14000,1526,1526,1000.0,1044.9033559672307,523.7223399999493,13760.261293999974,0.0
1774211985,10,,Aggregated,7.400000,7.400000,1000,1000,1000,1000,1000,1000,1500,2600,13000,14000,14000,1535,1535,1000.0,1044.099960730289,523.7223399999493,13760.261293999974,0.0
1774211986,10,,Aggregated,7.600000,7.600000,1000,1000,1000,1000,1000,1000,1500,2600,13000,14000,14000,1544,1544,1000.0,1043.6056400259024,523.7223399999493,13760.261293999974,0.0
1774211987,10,,Aggregated,7.800000,7.800000,1000,1000,1000,1000,1000,1000,1500,2600,13000,14000,14000,1549,1549,1000.0,1043.19544941252,523.7223399999493,13760.261293999974,0.0
1774211988,10,,Aggregated,7.500000,7.500000,1000,1000,1000,1000,1000,1000,1500,2600,13000,14000,14000,1557,1557,1000.0,1043.0061548509914,523.7223399999493,13760.261293999974,0.0
1774211989,10,,Aggregated,7.300000,7.300000,1000,1000,1000,1000,1000,1000,1500,2600,13000,14000,14000,1565,1565,1000.0,1042.8458439182066,523.7223399999493,13760.261293999974,0.0
1774211990,10,,Aggregated,7.700000,7.700000,1000,1000,1000,1000,1000,1000,1500,2600,13000,14000,14000,1572,1572,1000.0,1042.40621301908,523.7223399999493,13760.261293999974,0.0
1774211991,10,,Aggregated,7.800000,7.800000,1000,1000,1000,1000,1000,1000,1500,2600,13000,14000,14000,1580,1580,1000.0,1041.345477168983,523.7223399999493,13760.261293999974,0.0
1774211992,10,,Aggregated,7.500000,7.500000,1000,1000,1000,1000,1000,1000,1500,2600,13000,14000,14000,1588,1588,1000.0,1040.892006255663,523.7223399999493,13760.261293999974,0.0
1774211993,10,,Aggregated,7.400000,7.400000,1000,1000,1000,1000,1000,1000,1500,2600,13000,14000,14000,1597,1597,1000.0,1040.4766025773276,523.7223399999493,13760.261293999974,0.0
1774211994,10,,Aggregated,7.700000,7.700000,1000,1000,1000,1000,1000,1000,1500,2500,13000,14000,14000,1602,1602,1000.0,1040.3933909406942,523.7223399999493,13760.261293999974,0.0
1774211995,10,,Aggregated,7.700000,7.700000,1000,1000,1000,1000,1000,1000,1500,2500,13000,14000,14000,1610,1610,1000.0,1039.9670874310518,523.7223399999493,13760.261293999974,0.0
1774211996,10,,Aggregated,7.700000,7.700000,1000,1000,1000,1000,1000,1000,1500,2500,13000,14000,14000,1618,1618,1000.0,1039.816903496287,523.7223399999493,13760.261293999974,0.0
1774211997,10,,Aggregated,7.600000,7.600000,1000,1000,1000,1000,1000,1000,1500,2500,13000,14000,14000,1626,1626,1000.0,1039.106524683267,523.7223399999493,13760.261293999974,0.0
1774211998,10,,Aggregated,7.800000,7.800000,1000,1000,1000,1000,1000,1000,1500,2500,13000,14000,14000,1633,1633,1000.0,1038.6826962571904,523.7223399999493,13760.261293999974,0.0
1774211999,10,,Aggregated,7.600000,7.600000,1000,1000,1000,1000,1000,1000,1500,2500,13000,14000,14000,1643,1643,1000.0,1037.9345817121073,523.7223399999493,13760.261293999974,0.0
1774212000,10,,Aggregated,7.600000,7.600000,1000,1000,1000,1000,1000,1000,1500,2500,13000,14000,14000,1650,1650,1000.0,1037.8203601012076,523.7223399999493,13760.261293999974,0.0
1774212001,10,,Aggregated,7.600000,7.600000,1000,1000,1000,1000,1000,1000,1500,2500,13000,14000,14000,1657,1657,1000.0,1037.4146179209376,523.7223399999493,13760.261293999974,0.0
1774212002,10,,Aggregated,7.700000,7.700000,1000,1000,1000,1000,1000,1000,1500,2500,13000,14000,14000,1664,1664,1000.0,1037.0135155697078,523.7223399999493,13760.261293999974,0.0
1774212003,10,,Aggregated,7.600000,7.600000,1000,1000,1000,1000,1000,1000,1500,2500,13000,14000,14000,1673,1673,1000.0,1035.993176019721,523.7223399999493,13760.261293999974,0.0
1774212004,10,,Aggregated,7.500000,7.500000,1000,1000,1000,1000,1000,1000,1500,2500,13000,14000,14000,1682,1682,1000.0,1035.5780097598058,523.7223399999493,13760.261293999974,0.0
1774212005,10,,Aggregated,7.900000,7.900000,1000,1000,1000,1000,1000,1000,1500,2500,13000,14000,14000,1690,1690,1000.0,1035.194108399404,523.7223399999493,13760.261293999974,0.0
1774212006,10,,Aggregated,7.900000,7.900000,1000,1000,1000,1000,1000,1000,1500,2500,13000,14000,14000,1697,1697,1000.0,1034.5421205433076,523.7223399999493,13760.261293999974,0.0
1774212007,10,,Aggregated,7.600000,7.600000,1000,1000,1000,1000,1000,1000,1500,2400,13000,14000,14000,1704,1704,1000.0,1034.163525447766,523.7223399999493,13760.261293999974,0.0
1774212008,10,,Aggregated,7.500000,7.500000,1000,1000,1000,1000,1000,1000,1500,2400,13000,14000,14000,1712,1712,1000.0,1033.7700289877298,523.7223399999493,13760.261293999974,0.0
1774212009,10,,Aggregated,7.800000,7.800000,1000,1000,1000,1000,1000,1000,1500,2400,13000,14000,14000,1722,1722,1000.0,1033.3721632740962,523.7223399999493,13760.261293999974,0.0
1774212010,10,,Aggregated,7.900000,7.900000,1000,1000,1000,1000,1000,1000,1500,2400,13000,14000,14000,1727,1727,1000.0,1033.0571008911365,523.7223399999493,13760.261293999974,0.0
1774212011,10,,Aggregated,7.700000,7.700000,1000,1000,1000,1000,1000,1000,1500,2400,13000,14000,14000,1734,1734,1000.0,1032.9583088310221,523.7223399999493,13760.261293999974,0.0
1774212012,10,,Aggregated,7.700000,7.700000,1000,1000,1000,1000,1000,1000,1500,2400,13000,14000,14000,1743,1743,1000.0,1032.8423233631624,523.7223399999493,13760.261293999974,0.0
1774212013,10,,Aggregated,7.700000,7.700000,1000,1000,1000,1000,1000,1000,1500,2400,13000,14000,14000,1751,1751,1000.0,1032.473202070241,523.7223399999493,13760.261293999974,0.0
1774212014,10,,Aggregated,7.900000,7.900000,1000,1000,1000,1000,1000,1000,1500,2400,13000,14000,14000,1758,1758,1000.0,1032.385529603522,523.7223399999493,13760.261293999974,0.0
1774212015,10,,Aggregated,7.500000,7.500000,1000,1000,1000,1000,1000,1000,1500,2400,13000,14000,14000,1765,1765,1000.0,1032.2998306515535,523.7223399999493,13760.261293999974,0.0
1774212016,10,,Aggregated,7.600000,7.600000,1000,1000,1000,1000,1000,1000,1500,2400,13000,14000,14000,1774,1774,1000.0,1031.4745449030393,523.7223399999493,13760.261293999974,0.0
1774212017,10,,Aggregated,7.800000,7.800000,1000,1000,1000,1000,1000,1000,1500,2400,13000,14000,14000,1781,1781,1000.0,1031.1731343930323,523.7223399999493,13760.261293999974,0.0
1774212018,10,,Aggregated,7.700000,7.700000,1000,1000,1000,1000,1000,1000,1500,2400,13000,14000,14000,1790,1790,1000.0,1031.0793623664756,523.7223399999493,13760.261293999974,0.0
1774212019,10,,Aggregated,7.900000,7.900000,1000,1000,1000,1000,1000,1000,1500,2400,13000,14000,14000,1796,1796,1000.0,1030.757989694316,523.7223399999493,13760.261293999974,0.0
1774212020,10,,Aggregated,7.300000,7.300000,1000,1000,1000,1000,1000,1000,1500,2300,13000,14000,14000,1805,1805,1000.0,1030.4081612022112,523.7223399999493,13760.261293999974,0.0
1774212021,10,,Aggregated,7.600000,7.600000,1000,1000,1000,1000,1000,1000,1500,2300,13000,14000,14000,1812,1812,1000.0,1030.3343674530854,523.7223399999493,13760.261293999974,0.0
1774212022,10,,Aggregated,7.700000,7.700000,1000,1000,1000,1000,1000,1000,1500,2300,13000,14000,14000,1820,1820,1000.0,1030.0073717609841,523.7223399999493,13760.261293999974,0.0
1774212023,10,,Aggregated,7.700000,7.700000,1000,1000,1000,1000,1000,1000,1500,2300,13000,14000,14000,1825,1825,1000.0,1029.962815650954,523.7223399999493,13760.261293999974,0.0
1774212024,10,,Aggregated,7.400000,7.400000,1000,1000,1000,1000,1000,1000,1500,2300,13000,14000,14000,1836,1836,1000.0,1029.58166075871,523.7223399999493,13760.261293999974,0.0
1774212025,10,,Aggregated,7.700000,7.700000,1000,1000,1000,1000,1000,1000,1500,2300,13000,14000,14000,1841,1841,1000.0,1029.2741558359544,523.7223399999493,13760.261293999974,0.0
1774212026,10,,Aggregated,7.600000,7.600000,1000,1000,1000,1000,1000,1000,1500,2300,13000,14000,14000,1851,1851,1000.0,1028.6856007482393,523.7223399999493,13760.261293999974,0.0
1774212027,10,,Aggregated,7.500000,7.500000,1000,1000,1000,1000,1000,1000,1500,2300,13000,14000,14000,1857,1857,1000.0,1028.6148090156112,523.7223399999493,13760.261293999974,0.0
1774212028,10,,Aggregated,7.600000,7.600000,1000,1000,1000,1000,1000,1000,1500,2300,13000,14000,14000,1865,1865,1000.0,1028.2826573688953,523.7223399999493,13760.261293999974,0.0
1774212029,10,,Aggregated,7.300000,7.300000,1000,1000,1000,1000,1000,1000,1500,2300,13000,14000,14000,1873,1873,1000.0,1028.2088920485796,523.7223399999493,13760.261293999974,0.0
1774212030,10,,Aggregated,7.800000,7.800000,1000,1000,1000,1000,1000,1000,1500,2300,13000,14000,14000,1881,1881,1000.0,1028.1292944662357,523.7223399999493,13760.261293999974,0.0
1774212031,10,,Aggregated,7.500000,7.500000,1000,1000,1000,1000,1000,1000,1500,2300,13000,14000,14000,1887,1887,1000.0,1027.8196172310488,523.7223399999493,13760.261293999974,0.0
1774212032,10,,Aggregated,7.500000,7.500000,1000,1000,1000,1000,1000,1000,1500,2300,13000,14000,14000,1896,1896,1000.0,1027.7458469599098,523.7223399999493,13760.261293999974,0.0
1774212033,10,,Aggregated,7.400000,7.400000,1000,1000,1000,1000,1000,1000,1500,2200,13000,14000,14000,1904,1904,1000.0,1027.4237555257296,523.7223399999493,13760.261293999974,0.0
1774212034,10,,Aggregated,7.700000,7.700000,1000,1000,1000,1000,1000,1000,1500,2200,13000,14000,14000,1910,1910,1000.0,1026.886734857586,523.7223399999493,13760.261293999974,0.0
1774212035,10,,Aggregated,7.500000,7.500000,1000,1000,1000,1000,1000,1000,1500,2200,13000,14000,14000,1920,1920,1000.0,1026.559108291661,523.7223399999493,13760.261293999974,0.0
1774212036,10,,Aggregated,7.800000,7.800000,1000,1000,1000,1000,1000,1000,1500,2200,13000,14000,14000,1927,1927,1000.0,1026.5075810949604,523.7223399999493,13760.261293999974,0.0
1774212037,10,,Aggregated,7.700000,7.700000,1000,1000,1000,1000,1000,1000,1500,2200,13000,14000,14000,1934,1934,1000.0,1025.970329379518,523.7223399999493,13760.261293999974,0.0
1774212038,10,,Aggregated,7.600000,7.600000,1000,1000,1000,1000,1000,1000,1500,2200,13000,14000,14000,1943,1943,1000.0,1025.890876404523,523.7223399999493,13760.261293999974,0.0
1774212039,10,,Aggregated,7.900000,7.900000,1000,1000,1000,1000,1000,1000,1500,2200,13000,14000,14000,1951,1951,1000.0,1025.5901971819515,523.7223399999493,13760.261293999974,0.0
1774212040,10,,Aggregated,7.600000,7.600000,1000,1000,1000,1000,1000,1000,1500,2200,13000,14000,14000,1958,1958,1000.0,1025.2939009381955,523.7223399999493,13760.261293999974,0.0
1774212041,10,,Aggregated,7.700000,7.700000,1000,1000,1000,1000,1000,1000,1500,2200,13000,14000,14000,1964,1964,1000.0,1025.0282526277936,523.7223399999493,13760.261293999974,0.0
1774212042,10,,Aggregated,7.700000,7.700000,1000,1000,1000,1000,1000,1000,1500,2200,13000,14000,14000,1974,1974,1000.0,1024.7333782927997,523.7223399999493,13760.261293999974,0.0
1774212043,10,,Aggregated,7.800000,7.800000,1000,1000,1000,1000,1000,1000,1500,2200,13000,14000,14000,1982,1982,1000.0,1024.2047946735552,523.7223399999493,13760.261293999974,0.0
1774212044,10,,Aggregated,7.800000,7.800000,1000,1000,1000,1000,1000,1000,1500,2200,13000,14000,14000,1988,1988,1000.0,1023.96400165945,523.7223399999493,13760.261293999974,0.0
1774212045,10,,Aggregated,7.600000,7.600000,1000,1000,1000,1000,1000,1000,1500,2200,13000,14000,14000,1997,1997,1000.0,1023.7089027546251,523.7223399999493,13760.261293999974,0.0
1774212046,10,,Aggregated,7.500000,7.500000,1000,1000,1000,1000,1000,1000,1500,1900,13000,14000,14000,2005,2005,1000.0,1023.6594606877735,523.7223399999493,13760.261293999974,0.0
1774212047,10,,Aggregated,7.700000,7.700000,1000,1000,1000,1000,1000,1000,1500,1900,13000,14000,14000,2012,2012,1000.0,1023.1750211650032,523.7223399999493,13760.261293999974,0.0
1774212048,10,,Aggregated,7.700000,7.700000,1000,1000,1000,1000,1000,1000,1500,1900,13000,14000,14000,2020,2020,1000.0,1023.1163806752406,523.7223399999493,13760.261293999974,0.0
1774212049,10,,Aggregated,7.500000,7.500000,1000,1000,1000,1000,1000,1000,1500,1900,13000,14000,14000,2027,2027,1000.0,1023.0759309472054,523.7223399999493,13760.261293999974,0.0
1774212050,10,,Aggregated,7.700000,7.700000,1000,1000,1000,1000,1000,1000,1500,1900,13000,14000,14000,2036,2036,1000.0,1022.355176361486,523.7223399999493,13760.261293999974,0.0
1774212051,10,,Aggregated,7.500000,7.500000,1000,1000,1000,1000,1000,1000,1500,1900,13000,14000,14000,2044,2044,1000.0,1021.8791068962747,523.7223399999493,13760.261293999974,0.0
1774212052,10,,Aggregated,7.800000,7.800000,1000,1000,1000,1000,1000,1000,1400,1900,13000,14000,14000,2051,2051,1000.0,1021.6004704812219,521.0584709998329,13760.261293999974,0.0
1774212053,10,,Aggregated,7.500000,7.500000,1000,1000,1000,1000,1000,1000,1400,1900,13000,14000,14000,2058,2058,1000.0,1021.5675486341033,521.0584709998329,13760.261293999974,0.0
1774212054,10,,Aggregated,7.600000,7.600000,1000,1000,1000,1000,1000,1000,1400,1900,13000,14000,14000,2066,2066,1000.0,1021.0796938300986,521.0584709998329,13760.261293999974,0.0
1774212055,10,,Aggregated,7.900000,7.900000,1000,1000,1000,1000,1000,1000,1400,1900,13000,14000,14000,2075,2075,1000.0,1021.0234820534865,521.0584709998329,13760.261293999974,0.0
1774212056,10,,Aggregated,7.700000,7.700000,1000,1000,1000,1000,1000,1000,1400,1900,13000,14000,14000,2082,2082,1000.0,1020.5382278165154,521.0584709998329,13760.261293999974,0.0
1774212057,10,,Aggregated,7.700000,7.700000,1000,1000,1000,1000,1000,1000,1400,1900,13000,14000,14000,2092,2092,1000.0,1020.0608097127076,521.0584709998329,13760.261293999974,0.0
1774212058,10,,Aggregated,7.800000,7.800000,1000,1000,1000,1000,1000,1000,1400,1900,13000,14000,14000,2099,2099,1000.0,1019.5959118523033,521.0584709998329,13760.261293999974,0.0
1774212059,10,,Aggregated,7.700000,7.700000,1000,1000,1000,1000,1000,1000,1400,1700,13000,14000,14000,2106,2106,1000.0,1019.347802421645,521.0584709998329,13760.261293999974,0.0
1774212060,10,,Aggregated,7.700000,7.700000,1000,1000,1000,1000,1000,1000,1400,1700,13000,14000,14000,2112,2112,1000.0,1019.3291338044437,521.0584709998329,13760.261293999974,0.0
1774212061,10,,Aggregated,8.200000,8.200000,1000,1000,1000,1000,1000,1000,1400,1700,13000,14000,14000,2122,2122,1000.0,1019.2807169637064,521.0584709998329,13760.261293999974,0.0
1774212062,10,,Aggregated,7.900000,7.900000,1000,1000,1000,1000,1000,1000,1400,1700,13000,14000,14000,2131,2131,1000.0,1019.0555716058121,521.0584709998329,13760.261293999974,0.0
1774212063,10,,Aggregated,7.800000,7.800000,1000,1000,1000,1000,1000,1000,1400,1700,13000,14000,14000,2137,2137,1000.0,1018.8134248694364,521.0584709998329,13760.261293999974,0.0
1774212064,10,,Aggregated,7.600000,7.600000,1000,1000,1000,1000,1000,1000,1400,1700,13000,14000,14000,2143,2143,1000.0,1018.5990427055464,521.0584709998329,13760.261293999974,0.0
1774212065,10,,Aggregated,7.800000,7.800000,1000,1000,1000,1000,1000,1000,1400,1700,13000,14000,14000,2154,2154,1000.0,1018.1166790501326,521.0584709998329,13760.261293999974,0.0
1774212066,10,,Aggregated,7.800000,7.800000,1000,1000,1000,1000,1000,1000,1400,1700,13000,14000,14000,2163,2163,1000.0,1017.6379759962949,521.0584709998329,13760.261293999974,0.0
1774212067,10,,Aggregated,7.500000,7.500000,1000,1000,1000,1000,1000,1000,1400,1700,13000,14000,14000,2170,2170,1000.0,1016.979336679717,521.0584709998329,13760.261293999974,0.0
1774212068,10,,Aggregated,7.700000,7.700000,1000,1000,1000,1000,1000,1000,1400,1700,13000,14000,14000,2175,2175,1000.0,1016.5432792878097,521.0584709998329,13760.261293999974,0.0
1774212069,10,,Aggregated,8.000000,8.000000,1000,1000,1000,1000,1000,1000,1400,1700,13000,14000,14000,2185,2185,1000.0,1016.1081786672709,521.0584709998329,13760.261293999974,0.0
1774212070,10,,Aggregated,7.900000,7.900000,1000,1000,1000,1000,1000,1000,1400,1700,13000,14000,14000,2194,2194,1000.0,1016.0844874161286,521.0584709998329,13760.261293999974,0.0
1774212071,10,,Aggregated,7.500000,7.500000,1000,1000,1000,1000,1000,1000,1300,1700,13000,14000,14000,2203,2203,1000.0,1015.4399038801575,521.0584709998329,13760.261293999974,0.0
1774212072,10,,Aggregated,7.500000,7.500000,1000,1000,1000,1000,1000,1000,1300,1700,13000,14000,14000,2206,2206,1000.0,1015.4259361192148,521.0584709998329,13760.261293999974,0.0
1774212073,10,,Aggregated,8.000000,8.000000,1000,1000,1000,1000,1000,1000,1300,1700,13000,14000,14000,2215,2215,1000.0,1015.4034384212138,521.0584709998329,13760.261293999974,0.0
1774212074,10,,Aggregated,8.100000,8.100000,1000,1000,1000,1000,1000,1000,1300,1700,13000,14000,14000,2224,2224,1000.0,1014.9887846632138,521.0584709998329,13760.261293999974,0.0
1774212075,10,,Aggregated,7.500000,7.500000,1000,1000,1000,1000,1000,1000,1300,1700,13000,14000,14000,2233,2233,1000.0,1014.7683636193407,521.0584709998329,13760.261293999974,0.0
1774212076,10,,Aggregated,7.600000,7.600000,1000,1000,1000,1000,1000,1000,1300,1700,13000,14000,14000,2239,2239,1000.0,1014.5421979249614,521.0584709998329,13760.261293999974,0.0
1774212077,10,,Aggregated,8.000000,8.000000,1000,1000,1000,1000,1000,1000,1300,1700,13000,14000,14000,2246,2246,1000.0,1014.3216098882407,521.0584709998329,13760.261293999974,0.0
1774212078,10,,Aggregated,8.000000,8.000000,1000,1000,1000,1000,1000,1000,1300,1700,13000,14000,14000,2254,2254,1000.0,1014.1054024946708,521.0584709998329,13760.261293999974,0.0
1774212079,10,,Aggregated,7.500000,7.500000,1000,1000,1000,1000,1000,1000,1300,1700,13000,14000,14000,2262,2262,1000.0,1013.6865821697558,521.0584709998329,13760.261293999974,0.0
1774212080,10,,Aggregated,7.600000,7.600000,1000,1000,1000,1000,1000,1000,1300,1700,13000,14000,14000,2271,2271,1000.0,1013.0519350563574,521.0584709998329,13760.261293999974,0.0
1774212081,10,,Aggregated,7.700000,7.700000,1000,1000,1000,1000,1000,1000,1300,1700,13000,14000,14000,2277,2277,1000.0,1013.0428026078118,521.0584709998329,13760.261293999974,0.0
1774212082,10,,Aggregated,7.900000,7.900000,1000,1000,1000,1000,1000,1000,1300,1700,13000,14000,14000,2289,2289,1000.0,1012.4140925482689,521.0584709998329,13760.261293999974,0.0
1774212083,10,,Aggregated,7.800000,7.800000,1000,1000,1000,1000,1000,1000,1300,1700,13000,14000,14000,2294,2294,1000.0,1011.8341396717465,521.0584709998329,13760.261293999974,0.0
1774212084,10,,Aggregated,7.400000,7.400000,1000,1000,1000,1000,1000,1000,1200,1700,13000,14000,14000,2301,2301,1000.0,1011.6470740034707,521.0584709998329,13760.261293999974,0.0
1774212086,10,,Aggregated,8.200000,8.200000,1000,1000,1000,1000,1000,1000,1200,1700,13000,14000,14000,2311,2311,1000.0,1011.466267932491,521.0584709998329,13760.261293999974,0.0
1774212087,10,,Aggregated,7.900000,7.900000,1000,1000,1000,1000,1000,1000,1200,1700,13000,14000,14000,2318,2318,1000.0,1010.8561777044805,521.0584709998329,13760.261293999974,0.0
1774212088,10,,Aggregated,7.700000,7.700000,1000,1000,1000,1000,1000,1000,1200,1700,13000,14000,14000,2329,2329,1000.0,1010.4908583490708,521.0584709998329,13760.261293999974,0.0
1774212089,10,,Aggregated,7.700000,7.700000,1000,1000,1000,1000,1000,1000,1200,1700,13000,14000,14000,2331,2331,1000.0,1010.4919963234601,521.0584709998329,13760.261293999974,0.0
1774212090,10,,Aggregated,7.900000,7.900000,1000,1000,1000,1000,1000,1000,1200,1700,13000,14000,14000,2341,2341,1000.0,1010.4971144058034,521.0584709998329,13760.261293999974,0.0
1774212091,10,,Aggregated,8.100000,8.100000,1000,1000,1000,1000,1000,1000,1200,1700,13000,14000,14000,2350,2350,1000.0,1010.2893415697813,521.0584709998329,13760.261293999974,0.0
1774212092,10,,Aggregated,7.700000,7.700000,1000,1000,1000,1000,1000,1000,1200,1700,13000,14000,14000,2360,2360,1000.0,1009.914793411434,521.0584709998329,13760.261293999974,0.0
1774212093,10,,Aggregated,7.800000,7.800000,1000,1000,1000,1000,1000,1000,1200,1700,13000,14000,14000,2364,2364,1000.0,1009.916023914545,521.0584709998329,13760.261293999974,0.0
1774212094,10,,Aggregated,7.800000,7.800000,1000,1000,1000,1000,1000,1000,1200,1700,13000,14000,14000,2371,2371,1000.0,1009.9164603445734,521.0584709998329,13760.261293999974,0.0
1774212095,10,,Aggregated,7.200000,7.200000,1000,1000,1000,1000,1000,1000,1200,1700,13000,14000,14000,2381,2381,1000.0,1009.917825818557,521.0584709998329,13760.261293999974,0.0
1774212096,10,,Aggregated,7.700000,7.700000,1000,1000,1000,1000,1000,1000,1200,1700,13000,14000,14000,2389,2389,1000.0,1009.726565817909,521.0584709998329,13760.261293999974,0.0
1774212097,10,,Aggregated,7.900000,7.900000,1000,1000,1000,1000,1000,1000,1200,1700,13000,14000,14000,2394,2394,1000.0,1009.5405399181219,521.0584709998329,13760.261293999974,0.0
1774212098,10,,Aggregated,7.700000,7.700000,1000,1000,1000,1000,1000,1000,1200,1600,13000,14000,14000,2403,2403,1000.0,1009.3526773982454,521.0584709998329,13760.261293999974,0.0
1774212099,10,,Aggregated,7.500000,7.500000,1000,1000,1000,1000,1000,1000,1200,1600,13000,14000,14000,2411,2411,1000.0,1009.3498988527517,521.0584709998329,13760.261293999974,0.0
1774212100,10,,Aggregated,7.400000,7.400000,1000,1000,1000,1000,1000,1000,1200,1600,13000,14000,14000,2420,2420,1000.0,1009.1692281049523,521.0584709998329,13760.261293999974,0.0
1774212101,10,,Aggregated,7.900000,7.900000,1000,1000,1000,1000,1000,1000,1200,1600,13000,14000,14000,2427,2427,1000.0,1009.1730463304428,521.0584709998329,13760.261293999974,0.0
1774212102,10,,Aggregated,7.900000,7.900000,1000,1000,1000,1000,1000,1000,1200,1600,13000,14000,14000,2434,2434,1000.0,1008.9956433763293,521.0584709998329,13760.261293999974,0.0
1774212103,10,,Aggregated,7.500000,7.500000,1000,1000,1000,1000,1000,1000,1200,1600,13000,14000,14000,2442,2442,1000.0,1008.5141371109687,521.0584709998329,13760.261293999974,0.0
1774212104,10,,Aggregated,7.500000,7.500000,1000,1000,1000,1000,1000,1000,1200,1600,13000,14000,14000,2451,2451,1000.0,1008.3288705601734,521.0584709998329,13760.261293999974,0.0
1774212105,10,,Aggregated,8.000000,8.000000,1000,1000,1000,1000,1000,1000,1200,1600,13000,14000,14000,2458,2458,1000.0,1008.0367850931594,521.0584709998329,13760.261293999974,0.0
1774212106,10,,Aggregated,7.900000,7.900000,1000,1000,1000,1000,1000,1000,1200,1600,13000,14000,14000,2466,2466,1000.0,1007.6805157554684,521.0584709998329,13760.261293999974,0.0
1774212107,10,,Aggregated,7.700000,7.700000,1000,1000,1000,1000,1000,1000,1200,1600,13000,14000,14000,2474,2474,1000.0,1007.3203131018532,521.0584709998329,13760.261293999974,0.0
1774212108,10,,Aggregated,7.700000,7.700000,1000,1000,1000,1000,1000,1000,1200,1600,13000,14000,14000,2483,2483,1000.0,1006.9482127728494,521.0584709998329,13760.261293999974,0.0
1774212109,10,,Aggregated,7.700000,7.700000,1000,1000,1000,1000,1000,1000,1200,1600,13000,14000,14000,2489,2489,1000.0,1006.7686348489295,521.0584709998329,13760.261293999974,0.0
1774212110,10,,Aggregated,8.000000,8.000000,1000,1000,1000,1000,1000,1000,1200,1600,13000,14000,14000,2496,2496,1000.0,1006.771168368984,521.0584709998329,13760.261293999974,0.0
1774212111,10,,Aggregated,7.900000,7.900000,1000,1000,1000,1000,1000,1000,1100,1600,13000,14000,14000,2505,2505,1000.0,1006.6222870938061,521.0584709998329,13760.261293999974,0.0
1774212112,10,,Aggregated,7.600000,7.600000,1000,1000,1000,1000,1000,1000,1100,1600,13000,14000,14000,2514,2514,1000.0,1006.3144426276783,521.0584709998329,13760.261293999974,0.0
1774212113,10,,Aggregated,7.800000,7.800000,1000,1000,1000,1000,1000,1000,1100,1600,13000,14000,14000,2521,2521,1000.0,1005.955251817923,521.0584709998329,13760.261293999974,0.0
1774212114,10,,Aggregated,7.800000,7.800000,1000,1000,1000,1000,1000,1000,1100,1600,13000,14000,14000,2528,2528,1000.0,1005.9612103081424,521.0584709998329,13760.261293999974,0.0
1774212115,10,,Aggregated,7.700000,7.700000,1000,1000,1000,1000,1000,1000,1100,1600,13000,14000,14000,2535,2535,1000.0,1005.7866851727747,521.0584709998329,13760.261293999974,0.0
1774212116,10,,Aggregated,7.800000,7.800000,1000,1000,1000,1000,1000,1000,1100,1600,13000,14000,14000,2543,2543,1000.0,1005.8047021395923,521.0584709998329,13760.261293999974,0.0
1774212117,10,,Aggregated,7.700000,7.700000,1000,1000,1000,1000,1000,1000,1100,1600,13000,14000,14000,2552,2552,1000.0,1005.4607760944293,521.0584709998329,13760.261293999974,0.0
1774212118,10,,Aggregated,7.600000,7.600000,1000,1000,1000,1000,1000,1000,1100,1600,13000,14000,14000,2559,2559,1000.0,1005.2884114064024,521.0584709998329,13760.261293999974,0.0
1774212119,10,,Aggregated,7.600000,7.600000,1000,1000,1000,1000,1000,1000,1100,1600,13000,14000,14000,2568,2568,1000.0,1005.1294062277975,521.0584709998329,13760.261293999974,0.0
1774212120,10,,Aggregated,7.600000,7.600000,1000,1000,1000,1000,1000,1000,1100,1600,13000,14000,14000,2574,2574,1000.0,1005.1384413364349,521.0584709998329,13760.261293999974,0.0
1774212121,10,,Aggregated,7.600000,7.600000,1000,1000,1000,1000,1000,1000,1100,1600,13000,14000,14000,2582,2582,1000.0,1004.6246749740448,521.0584709998329,13760.261293999974,0.0
1774212122,10,,Aggregated,7.700000,7.700000,1000,1000,1000,1000,1000,1000,1100,1600,13000,14000,14000,2591,2591,1000.0,1004.144913884594,521.0584709998329,13760.261293999974,0.0
1774212123,10,,Aggregated,7.800000,7.800000,1000,1000,1000,1000,1000,1000,1100,1600,13000,14000,14000,2600,2600,1000.0,1004.1545030461475,521.0584709998329,13760.261293999974,0.0
1774212124,10,,Aggregated,7.800000,7.800000,1000,1000,1000,1000,1000,1000,1100,1500,13000,14000,14000,2605,2605,1000.0,1003.9858935589189,521.0584709998329,13760.261293999974,0.0
1774212125,10,,Aggregated,7.800000,7.800000,1000,1000,1000,1000,1000,1000,1100,1500,13000,14000,14000,2611,2611,1000.0,1004.0127123400933,521.0584709998329,13760.261293999974,0.0
1774212126,10,,Aggregated,7.500000,7.500000,1000,1000,1000,1000,1000,1000,1100,1500,13000,14000,14000,2623,2623,1000.0,1003.7063058757085,521.0584709998329,13760.261293999974,0.0
1774212127,10,,Aggregated,7.700000,7.700000,1000,1000,1000,1000,1000,1000,1100,1500,13000,14000,14000,2629,2629,1000.0,1003.382757367053,521.0584709998329,13760.261293999974,0.0
1774212128,10,,Aggregated,7.800000,7.800000,1000,1000,1000,1000,1000,1000,1100,1500,13000,14000,14000,2636,2636,1000.0,1003.048237266306,521.0584709998329,13760.261293999974,0.0
1774212129,10,,Aggregated,7.700000,7.700000,1000,1000,1000,1000,1000,1000,1100,1500,13000,14000,14000,2646,2646,1000.0,1002.7191191606133,521.0584709998329,13760.261293999974,0.0
1774212130,10,,Aggregated,7.600000,7.600000,1000,1000,1000,1000,1000,1000,1100,1500,13000,14000,14000,2653,2653,1000.0,1002.5777268345205,521.0584709998329,13760.261293999974,0.0
1774212131,10,,Aggregated,7.700000,7.700000,1000,1000,1000,1000,1000,1000,1100,1500,13000,14000,14000,2659,2659,1000.0,1002.6041959262817,521.0584709998329,13760.261293999974,0.0
1774212132,10,,Aggregated,7.600000,7.600000,1000,1000,1000,1000,1000,1000,1100,1500,13000,14000,14000,2668,2668,1000.0,1002.462157059214,521.0584709998329,13760.261293999974,0.0
1774212133,10,,Aggregated,7.700000,7.700000,1000,1000,1000,1000,1000,1000,1100,1500,13000,14000,14000,2676,2676,1000.0,1002.3219849667352,521.0584709998329,13760.261293999974,0.0
1774212134,10,,Aggregated,7.600000,7.600000,1000,1000,1000,1000,1000,1000,1100,1500,13000,14000,14000,2682,2682,1000.0,1002.3465405115525,521.0584709998329,13760.261293999974,0.0
1774212135,10,,Aggregated,7.800000,7.800000,1000,1000,1000,1000,1000,1000,1100,1500,13000,14000,14000,2690,2690,1000.0,1002.2084174338231,521.0584709998329,13760.261293999974,0.0
1774212136,10,,Aggregated,7.600000,7.600000,1000,1000,1000,1000,1000,1000,1100,1500,13000,14000,14000,2700,2700,1000.0,1001.8964399188833,521.0584709998329,13760.261293999974,0.0
1774212137,10,,Aggregated,7.700000,7.700000,1000,1000,1000,1000,1000,1000,1100,1500,13000,14000,14000,2706,2706,1000.0,1001.7376596193593,521.0584709998329,13760.261293999974,0.0
1774212138,10,,Aggregated,7.700000,7.700000,1000,1000,1000,1000,1000,1000,1100,1500,13000,14000,14000,2715,2715,1000.0,1001.5949467307502,521.0584709998329,13760.261293999974,0.0
1774212139,10,,Aggregated,7.700000,7.700000,1000,1000,1000,1000,1000,1000,1100,1500,13000,14000,14000,2723,2723,1000.0,1001.3156032699183,521.0584709998329,13760.261293999974,0.0
1774212140,10,,Aggregated,7.800000,7.800000,1000,1000,1000,1000,1000,1000,1100,1500,13000,14000,14000,2732,2732,1000.0,1001.1828246109029,521.0584709998329,13760.261293999974,0.0
1774212141,10,,Aggregated,7.800000,7.800000,1000,1000,1000,1000,1000,1000,1100,1500,13000,14000,14000,2739,2739,1000.0,1000.8776539302621,521.0584709998329,13760.261293999974,0.0
1774212142,10,,Aggregated,7.900000,7.900000,1000,1000,1000,1000,1000,1000,1100,1500,13000,14000,14000,2747,2747,1000.0,1000.9032264109891,521.0584709998329,13760.261293999974,0.0
1774212143,10,,Aggregated,7.600000,7.600000,1000,1000,1000,1000,1000,1000,1100,1500,13000,14000,14000,2754,2754,1000.0,1000.9196205816946,521.0584709998329,13760.261293999974,0.0
1774212144,10,,Aggregated,7.600000,7.600000,1000,1000,1000,1000,1000,1000,1100,1500,13000,14000,14000,2763,2763,1000.0,1000.7885655284066,521.0584709998329,13760.261293999974,0.0
1774212145,10,,Aggregated,7.900000,7.900000,1000,1000,1000,1000,1000,1000,1100,1500,13000,14000,14000,2771,2771,1000.0,1000.814122488267,521.0584709998329,13760.261293999974,0.0
1774212146,10,,Aggregated,7.800000,7.800000,1000,1000,1000,1000,1000,1000,1100,1500,13000,14000,14000,2776,2776,1000.0,1000.8298759171425,521.0584709998329,13760.261293999974,0.0
1774212147,10,,Aggregated,7.800000,7.800000,1000,1000,1000,1000,1000,1000,1100,1500,13000,14000,14000,2783,2783,1000.0,1000.6878470686266,521.0584709998329,13760.261293999974,0.0
1774212148,10,,Aggregated,7.700000,7.700000,1000,1000,1000,1000,1000,1000,1100,1500,13000,14000,14000,2793,2793,1000.0,1000.5453744794088,521.0584709998329,13760.261293999974,0.0
1774212149,10,,Aggregated,7.900000,7.900000,1000,1000,1000,1000,1000,1000,1100,1500,13000,14000,14000,2802,2802,1000.0,1000.1132840488889,521.0584709998329,13760.261293999974,0.0
1774212150,10,,Aggregated,7.600000,7.600000,1000,1000,1000,1000,1000,1000,1100,1500,13000,14000,14000,2809,2809,1000.0,1000.1343333488742,521.0584709998329,13760.261293999974,0.0
1774212151,10,,Aggregated,7.600000,7.600000,1000,1000,1000,1000,1000,1000,1100,1500,13000,14000,14000,2816,2816,1000.0,1000.1579843831631,521.0584709998329,13760.261293999974,0.0
1774212152,10,,Aggregated,7.700000,7.700000,1000,1000,1000,1000,1000,1000,1100,1500,13000,14000,14000,2823,2823,1000.0,999.8551333606051,521.0584709998329,13760.261293999974,0.0
1774212153,10,,Aggregated,7.800000,7.800000,1000,1000,1000,1000,1000,1000,1100,1500,13000,14000,14000,2832,2832,1000.0,999.7496560052925,521.0584709998329,13760.261293999974,0.0
1774212154,10,,Aggregated,7.900000,7.900000,1000,1000,1000,1000,1000,1000,1100,1500,13000,14000,14000,2839,2839,1000.0,999.4696952134516,521.0584709998329,13760.261293999974,0.0
1774212155,10,,Aggregated,7.700000,7.700000,1000,1000,1000,1000,1000,1000,1100,1500,13000,14000,14000,2847,2847,1000.0,999.1957094106037,521.0584709998329,13760.261293999974,0.0
1774212156,10,,Aggregated,7.700000,7.700000,1000,1000,1000,1000,1000,1000,1100,1500,13000,14000,14000,2854,2854,1000.0,999.2212655192674,521.0584709998329,13760.261293999974,0.0
1774212157,10,,Aggregated,7.600000,7.600000,1000,1000,1000,1000,1000,1000,1100,1500,13000,14000,14000,2862,2862,1000.0,999.0962401037698,521.0584709998329,13760.261293999974,0.0
1774212158,10,,Aggregated,7.600000,7.600000,1000,1000,1000,1000,1000,1000,1100,1500,13000,14000,14000,2870,2870,1000.0,998.8177278888467,521.0584709998329,13760.261293999974,0.0
1774212159,10,,Aggregated,7.700000,7.700000,1000,1000,1000,1000,1000,1000,1100,1500,13000,14000,14000,2878,2878,1000.0,998.8533125660148,521.0584709998329,13760.261293999974,0.0
1774212160,10,,Aggregated,7.800000,7.800000,1000,1000,1000,1000,1000,1000,1100,1500,13000,14000,14000,2886,2886,1000.0,998.8956163430325,521.0584709998329,13760.261293999974,0.0
1774212161,10,,Aggregated,7.600000,7.600000,1000,1000,1000,1000,1000,1000,1100,1500,13000,14000,14000,2892,2892,1000.0,998.9204222112697,521.0584709998329,13760.261293999974,0.0
1774212162,10,,Aggregated,7.700000,7.700000,1000,1000,1000,1000,1000,1000,1100,1500,13000,14000,14000,2901,2901,1000.0,998.8021290513589,521.0584709998329,13760.261293999974,0.0
1774212163,10,,Aggregated,7.600000,7.600000,1000,1000,1000,1000,1000,1000,1100,1500,13000,14000,14000,2908,2908,1000.0,998.8344321382367,521.0584709998329,13760.261293999974,0.0
1774212164,10,,Aggregated,7.700000,7.700000,1000,1000,1000,1000,1000,1000,1100,1500,13000,14000,14000,2918,2918,1000.0,998.7164579784071,521.0584709998329,13760.261293999974,0.0
1774212165,10,,Aggregated,7.500000,7.500000,1000,1000,1000,1000,1000,1000,1100,1500,13000,14000,14000,2925,2925,1000.0,998.4456823052964,521.0584709998329,13760.261293999974,0.0
1774212166,10,,Aggregated,7.700000,7.700000,1000,1000,1000,1000,1000,1000,1100,1500,13000,14000,14000,2933,2933,1000.0,998.3312875039179,521.0584709998329,13760.261293999974,0.0
1774212167,10,,Aggregated,7.700000,7.700000,1000,1000,1000,1000,1000,1000,1100,1500,13000,14000,14000,2941,2941,1000.0,998.0567510680014,521.0584709998329,13760.261293999974,0.0
1774212168,10,,Aggregated,8.000000,8.000000,1000,1000,1000,1000,1000,1000,1100,1500,13000,14000,14000,2950,2950,1000.0,998.0938105742345,521.0584709998329,13760.261293999974,0.0
1774212169,10,,Aggregated,7.600000,7.600000,1000,1000,1000,1000,1000,1000,1100,1500,13000,14000,14000,2955,2955,1000.0,998.1156648876453,521.0584709998329,13760.261293999974,0.0
1774212170,10,,Aggregated,7.600000,7.600000,1000,1000,1000,1000,1000,1000,1100,1500,13000,14000,14000,2962,2962,1000.0,998.1633211748792,521.0584709998329,13760.261293999974,0.0
1774212171,10,,Aggregated,7.900000,7.900000,1000,1000,1000,1000,1000,1000,1100,1500,13000,14000,14000,2972,2972,1000.0,998.2011555780597,521.0584709998329,13760.261293999974,0.0
1774212172,10,,Aggregated,7.700000,7.700000,1000,1000,1000,1000,1000,1000,1100,1500,13000,14000,14000,2977,2977,1000.0,998.2224723301958,521.0584709998329,13760.261293999974,0.0
1774212173,10,,Aggregated,7.600000,7.600000,1000,1000,1000,1000,1000,1000,1100,1500,13000,14000,14000,2985,2985,1000.0,998.0921732824098,521.0584709998329,13760.261293999974,0.0
1774212174,10,,Aggregated,7.400000,7.400000,1000,1000,1000,1000,1000,1000,1100,1500,13000,14000,14000,2993,2993,1000.0,997.8209031299677,521.0584709998329,13760.261293999974,0.0
1774212175,10,,Aggregated,7.700000,7.700000,1000,1000,1000,1000,1000,1000,1100,1500,12000,14000,14000,3003,3003,1000.0,997.8678358504806,521.0584709998329,13760.261293999974,0.0
1774212176,10,,Aggregated,7.500000,7.500000,1000,1000,1000,1000,1000,1000,1100,1500,12000,14000,14000,3009,3009,1000.0,997.5832140854083,521.0584709998329,13760.261293999974,0.0
1774212177,10,,Aggregated,7.600000,7.600000,1000,1000,1000,1000,1000,1000,1100,1500,12000,14000,14000,3015,3015,1000.0,997.4556894175767,521.0584709998329,13760.261293999974,0.0
1774212178,10,,Aggregated,7.400000,7.400000,1000,1000,1000,1000,1000,1000,1100,1500,12000,14000,14000,3025,3025,1000.0,997.5030169566924,521.0584709998329,13760.261293999974,0.0
1774212179,10,,Aggregated,7.700000,7.700000,1000,1000,1000,1000,1000,1000,1100,1500,12000,14000,14000,3034,3034,1000.0,997.3964341028326,521.0584709998329,13760.261293999974,0.0
1774212180,10,,Aggregated,7.500000,7.500000,1000,1000,1000,1000,1000,1000,1100,1500,12000,14000,14000,3041,3041,1000.0,997.4276916681993,521.0584709998329,13760.261293999974,0.0
1774212181,10,,Aggregated,7.400000,7.400000,1000,1000,1000,1000,1000,1000,1100,1500,12000,14000,14000,3046,3046,1000.0,997.3018600896239,521.0584709998329,13760.261293999974,0.0
1774212182,10,,Aggregated,7.600000,7.600000,1000,1000,1000,1000,1000,1000,1100,1500,12000,14000,14000,3054,3054,1000.0,997.3289589538291,521.0584709998329,13760.261293999974,0.0
1774212183,10,,Aggregated,7.800000,7.800000,1000,1000,1000,1000,1000,1000,1100,1500,12000,14000,14000,3064,3064,1000.0,997.3683346455591,521.0584709998329,13760.261293999974,0.0
1774212184,10,,Aggregated,7.400000,7.400000,1000,1000,1000,1000,1000,1000,1100,1500,12000,14000,14000,3072,3072,1000.0,996.9737868577448,521.0584709998329,13760.261293999974,0.0
1774212185,10,,Aggregated,7.600000,7.600000,1000,1000,1000,1000,1000,1000,1100,1500,12000,14000,14000,3079,3079,1000.0,996.7072134290327,521.0584709998329,13760.261293999974,0.0
1774212186,10,,Aggregated,7.800000,7.800000,1000,1000,1000,1000,1000,1000,1100,1500,12000,14000,14000,3085,3085,1000.0,996.5877932499161,521.0584709998329,13760.261293999974,0.0
1774212187,10,,Aggregated,7.700000,7.700000,1000,1000,1000,1000,1000,1000,1100,1500,12000,14000,14000,3095,3095,1000.0,996.3258453188988,521.0584709998329,13760.261293999974,0.0
1774212188,10,,Aggregated,7.700000,7.700000,1000,1000,1000,1000,1000,1000,1000,1500,12000,14000,14000,3103,3103,1000.0,995.9357517782763,521.0584709998329,13760.261293999974,0.0
1774212189,10,,Aggregated,7.500000,7.500000,1000,1000,1000,1000,1000,1000,1000,1500,12000,14000,14000,3110,3110,1000.0,995.9619853456563,521.0584709998329,13760.261293999974,0.0
1774212190,10,,Aggregated,7.800000,7.800000,1000,1000,1000,1000,1000,1000,1000,1500,12000,14000,14000,3118,3118,1000.0,995.9933037238585,521.0584709998329,13760.261293999974,0.0
1774212191,10,,Aggregated,7.900000,7.900000,1000,1000,1000,1000,1000,1000,1000,1500,12000,14000,14000,3125,3125,1000.0,996.0283940540776,521.0584709998329,13760.261293999974,0.0
1774212192,10,,Aggregated,7.600000,7.600000,1000,1000,1000,1000,1000,1000,1000,1500,12000,14000,14000,3131,3131,1000.0,996.0590387297962,521.0584709998329,13760.261293999974,0.0
1774212193,10,,Aggregated,7.600000,7.600000,1000,1000,1000,1000,1000,1000,1000,1500,12000,14000,14000,3140,3140,1000.0,995.9510707388507,521.0584709998329,13760.261293999974,0.0
1774212194,10,,Aggregated,7.900000,7.900000,1000,1000,1000,1000,1000,1000,1000,1500,12000,14000,14000,3148,3148,1000.0,995.8480436699466,521.0584709998329,13760.261293999974,0.0
1774212195,10,,Aggregated,7.500000,7.500000,1000,1000,1000,1000,1000,1000,1000,1500,12000,14000,14000,3157,3157,1000.0,995.6018606331935,521.0584709998329,13760.261293999974,0.0
1774212197,10,,Aggregated,7.600000,7.600000,1000,1000,1000,1000,1000,1000,1000,1500,12000,14000,14000,3160,3160,1000.0,995.6164857208834,521.0584709998329,13760.261293999974,0.0
1774212198,10,,Aggregated,7.600000,7.600000,1000,1000,1000,1000,1000,1000,1000,1500,12000,14000,14000,3170,3170,1000.0,995.6628590596187,521.0584709998329,13760.261293999974,0.0
1774212199,10,,Aggregated,7.700000,7.700000,1000,1000,1000,1000,1000,1000,1000,1500,12000,14000,14000,3180,3180,1000.0,995.421495974211,521.0584709998329,13760.261293999974,0.0
1774212200,10,,Aggregated,7.300000,7.300000,1000,1000,1000,1000,1000,1000,1000,1500,12000,14000,14000,3186,3186,1000.0,995.1706591032614,521.0584709998329,13760.261293999974,0.0
1774212201,10,,Aggregated,7.500000,7.500000,1000,1000,1000,1000,1000,1000,1000,1500,12000,14000,14000,3192,3192,1000.0,995.0597858079545,521.0584709998329,13760.261293999974,0.0
1774212202,10,,Aggregated,7.600000,7.600000,1000,1000,1000,1000,1000,1000,1000,1500,12000,14000,14000,3200,3200,1000.0,994.6628865109346,521.0584709998329,13760.261293999974,0.0
1774212203,10,,Aggregated,7.600000,7.600000,1000,1000,1000,1000,1000,1000,1000,1500,12000,14000,14000,3210,3210,1000.0,994.4407225704019,521.0584709998329,13760.261293999974,0.0
1774212204,10,,Aggregated,7.400000,7.400000,1000,1000,1000,1000,1000,1000,1000,1500,12000,14000,14000,3217,3217,1000.0,994.4759236496706,521.0584709998329,13760.261293999974,0.0
1774212205,10,,Aggregated,7.500000,7.500000,1000,1000,1000,1000,1000,1000,1000,1500,12000,14000,14000,3224,3224,1000.0,994.5090003343639,521.0584709998329,13760.261293999974,0.0
1774212206,10,,Aggregated,7.900000,7.900000,1000,1000,1000,1000,1000,1000,1000,1500,12000,14000,14000,3230,3230,1000.0,994.546371791328,521.0584709998329,13760.261293999974,0.0
1774212207,10,,Aggregated,7.700000,7.700000,1000,1000,1000,1000,1000,1000,1000,1500,12000,14000,14000,3240,3240,1000.0,994.5916550598733,521.0584709998329,13760.261293999974,0.0
1774212208,10,,Aggregated,7.300000,7.300000,1000,1000,1000,1000,1000,1000,1000,1500,12000,14000,14000,3248,3248,1000.0,994.2163120868197,521.0584709998329,13760.261293999974,0.0
1774212209,10,,Aggregated,8.000000,8.000000,1000,1000,1000,1000,1000,1000,1000,1500,12000,14000,14000,3256,3256,1000.0,993.9870729843333,521.0584709998329,13760.261293999974,0.0
1774212210,10,,Aggregated,7.700000,7.700000,1000,1000,1000,1000,1000,1000,1000,1500,12000,14000,14000,3262,3262,1000.0,993.8710324120141,521.0584709998329,13760.261293999974,0.0
1774212211,10,,Aggregated,7.400000,7.400000,1000,1000,1000,1000,1000,1000,1000,1500,12000,14000,14000,3271,3271,1000.0,993.7742731176979,521.0584709998329,13760.261293999974,0.0
1774212212,10,,Aggregated,7.500000,7.500000,1000,1000,1000,1000,1000,1000,1000,1500,12000,14000,14000,3279,3279,1000.0,993.6870237105796,521.0584709998329,13760.261293999974,0.0
1774212213,10,,Aggregated,7.800000,7.800000,1000,1000,1000,1000,1000,1000,1000,1500,12000,14000,14000,3286,3286,1000.0,993.5862287592787,521.0584709998329,13760.261293999974,0.0
1774212214,10,,Aggregated,7.800000,7.800000,1000,1000,1000,1000,1000,1000,1000,1500,12000,14000,14000,3294,3294,1000.0,993.4845398867607,521.0584709998329,13760.261293999974,0.0
1774212215,10,,Aggregated,7.400000,7.400000,1000,1000,1000,1000,1000,1000,1000,1500,12000,14000,14000,3303,3303,1000.0,993.2540129288494,521.0584709998329,13760.261293999974,0.0
1774212216,10,,Aggregated,7.400000,7.400000,1000,1000,1000,1000,1000,1000,1000,1500,12000,14000,14000,3309,3309,1000.0,992.7301904079751,521.0584709998329,13760.261293999974,0.0
1774212217,10,,Aggregated,7.700000,7.700000,1000,1000,1000,1000,1000,1000,1000,1500,12000,14000,14000,3320,3320,1000.0,992.6426235789125,521.0584709998329,13760.261293999974,0.0
1774212218,10,,Aggregated,7.900000,7.900000,1000,1000,1000,1000,1000,1000,1000,1500,12000,14000,14000,3325,3325,1000.0,992.5288923897715,521.0584709998329,13760.261293999974,0.0
1774212219,10,,Aggregated,7.800000,7.800000,1000,1000,1000,1000,1000,1000,1000,1500,12000,14000,14000,3333,3333,1000.0,992.4321678898858,521.0584709998329,13760.261293999974,0.0
1774212220,10,,Aggregated,7.700000,7.700000,1000,1000,1000,1000,1000,1000,1000,1500,12000,14000,14000,3342,3342,1000.0,992.2152530682196,521.0584709998329,13760.261293999974,0.0
1774212221,10,,Aggregated,7.700000,7.700000,1000,1000,1000,1000,1000,1000,1000,1500,12000,14000,14000,3351,3351,1000.0,992.2627455446107,521.0584709998329,13760.261293999974,0.0
1774212222,10,,Aggregated,7.700000,7.700000,1000,1000,1000,1000,1000,1000,1000,1500,12000,14000,14000,3356,3356,1000.0,991.8824661540496,521.0584709998329,13760.261293999974,0.0
1774212223,10,,Aggregated,7.700000,7.700000,1000,1000,1000,1000,1000,1000,1000,1500,12000,14000,14000,3365,3365,1000.0,991.9338106202055,521.0584709998329,13760.261293999974,0.0
1774212224,10,,Aggregated,7.800000,7.800000,1000,1000,1000,1000,1000,1000,1000,1500,12000,14000,14000,3372,3372,1000.0,991.831277719155,521.0584709998329,13760.261293999974,0.0
1774212225,10,,Aggregated,7.800000,7.800000,1000,1000,1000,1000,1000,1000,1000,1500,12000,14000,14000,3380,3380,1000.0,991.734187908577,521.0584709998329,13760.261293999974,0.0
1774212226,10,,Aggregated,7.800000,7.800000,1000,1000,1000,1000,1000,1000,1000,1500,12000,14000,14000,3388,3388,1000.0,991.6473840779191,521.0584709998329,13760.261293999974,0.0
1774212227,10,,Aggregated,7.700000,7.700000,1000,1000,1000,1000,1000,1000,1000,1500,12000,14000,14000,3396,3396,1000.0,991.6921270250267,521.0584709998329,13760.261293999974,0.0
1774212228,10,,Aggregated,7.700000,7.700000,1000,1000,1000,1000,1000,1000,1000,1500,12000,14000,14000,3403,3403,1000.0,991.5939938089892,521.0584709998329,13760.261293999974,0.0
1774212229,10,,Aggregated,7.400000,7.400000,1000,1000,1000,1000,1000,1000,1000,1500,12000,14000,14000,3410,3410,1000.0,991.4951363219911,521.0584709998329,13760.261293999974,0.0
1774212230,10,,Aggregated,7.600000,7.600000,1000,1000,1000,1000,1000,1000,1000,1500,12000,14000,14000,3419,3419,1000.0,991.1430012170193,521.0584709998329,13760.261293999974,0.0
1774212231,10,,Aggregated,7.600000,7.600000,1000,1000,1000,1000,1000,1000,1000,1500,12000,14000,14000,3425,3425,1000.0,991.0398969124052,521.0584709998329,13760.261293999974,0.0
1774212232,10,,Aggregated,7.500000,7.500000,1000,1000,1000,1000,1000,1000,1000,1500,12000,14000,14000,3434,3434,1000.0,991.0970733296413,521.0584709998329,13760.261293999974,0.0
1774212233,10,,Aggregated,7.700000,7.700000,1000,1000,1000,1000,1000,1000,1000,1500,12000,14000,14000,3443,3443,1000.0,991.0234059456836,521.0584709998329,13760.261293999974,0.0
1774212234,10,,Aggregated,7.600000,7.600000,1000,1000,1000,1000,1000,1000,1000,1500,12000,14000,14000,3449,3449,1000.0,990.796944754418,521.0584709998329,13760.261293999974,0.0
1774212235,10,,Aggregated,7.700000,7.700000,1000,1000,1000,1000,1000,1000,1000,1500,12000,14000,14000,3459,3459,1000.0,990.5830039618351,521.0584709998329,13760.261293999974,0.0
1774212236,10,,Aggregated,7.700000,7.700000,1000,1000,1000,1000,1000,1000,1000,1500,12000,14000,14000,3466,3466,1000.0,990.3625972348495,521.0584709998329,13760.261293999974,0.0
1774212237,10,,Aggregated,7.700000,7.700000,1000,1000,1000,1000,1000,1000,1000,1500,12000,14000,14000,3475,3475,1000.0,990.1612886958236,521.0584709998329,13760.261293999974,0.0
1774212238,10,,Aggregated,7.800000,7.800000,1000,1000,1000,1000,1000,1000,1000,1500,12000,14000,14000,3482,3482,1000.0,990.2028556008004,521.0584709998329,13760.261293999974,0.0
1774212239,10,,Aggregated,7.900000,7.900000,1000,1000,1000,1000,1000,1000,1000,1500,12000,14000,14000,3488,3488,1000.0,990.104332358081,521.0584709998329,13760.261293999974,0.0
1774212240,10,,Aggregated,7.600000,7.600000,1000,1000,1000,1000,1000,1000,1000,1500,12000,14000,14000,3497,3497,1000.0,989.9002900334535,521.0584709998329,13760.261293999974,0.0
1774212241,10,,Aggregated,7.800000,7.800000,1000,1000,1000,1000,1000,1000,1000,1500,12000,14000,14000,3507,3507,1000.0,989.7161716127708,521.0584709998329,13760.261293999974,0.0
1774212242,10,,Aggregated,7.900000,7.900000,1000,1000,1000,1000,1000,1000,1000,1500,12000,14000,14000,3512,3512,1000.0,989.51248240347,521.0584709998329,13760.261293999974,0.0
1774212243,10,,Aggregated,7.600000,7.600000,1000,1000,1000,1000,1000,1000,1000,1500,12000,14000,14000,3518,3518,1000.0,989.5427731409857,521.0584709998329,13760.261293999974,0.0
1774212244,10,,Aggregated,7.600000,7.600000,1000,1000,1000,1000,1000,1000,1000,1500,12000,14000,14000,3528,3528,1000.0,989.4638727261867,521.0584709998329,13760.261293999974,0.0
1774212245,10,,Aggregated,7.800000,7.800000,1000,1000,1000,1000,1000,1000,1000,1500,12000,14000,14000,3537,3537,1000.0,989.2607896075727,521.0584709998329,13760.261293999974,0.0
1774212246,10,,Aggregated,7.800000,7.800000,1000,1000,1000,1000,1000,1000,1000,1500,12000,14000,14000,3545,3545,1000.0,989.1890608485145,521.0584709998329,13760.261293999974,0.0
1774212247,10,,Aggregated,7.500000,7.500000,1000,1000,1000,1000,1000,1000,1000,1500,12000,14000,14000,3552,3552,1000.0,989.0960890450403,521.0584709998329,13760.261293999974,0.0
1774212248,10,,Aggregated,7.500000,7.500000,1000,1000,1000,1000,1000,1000,1000,1500,12000,14000,14000,3557,3557,1000.0,989.1296624621825,521.0584709998329,13760.261293999974,0.0
1774212249,10,,Aggregated,7.600000,7.600000,1000,1000,1000,1000,1000,1000,1000,1500,12000,14000,14000,3567,3567,1000.0,989.0777322340854,521.0584709998329,13760.261293999974,0.0
1774212250,10,,Aggregated,8.100000,8.100000,1000,1000,1000,1000,1000,1000,1000,1500,12000,14000,14000,3573,3573,1000.0,988.9849594430403,521.0584709998329,13760.261293999974,0.0
1774212251,10,,Aggregated,7.800000,7.800000,1000,1000,1000,1000,1000,1000,1000,1500,12000,14000,14000,3582,3582,1000.0,988.9115179017263,521.0584709998329,13760.261293999974,0.0
1774212252,10,,Aggregated,7.500000,7.500000,1000,1000,1000,1000,1000,1000,1000,1500,12000,14000,14000,3588,3588,1000.0,988.9482337410769,521.0584709998329,13760.261293999974,0.0
1774212253,10,,Aggregated,7.700000,7.700000,1000,1000,1000,1000,1000,1000,1000,1500,12000,14000,14000,3597,3597,1000.0,988.8802964962422,521.0584709998329,13760.261293999974,0.0
1774212254,10,,Aggregated,7.600000,7.600000,1000,1000,1000,1000,1000,1000,1000,1500,12000,14000,14000,3606,3606,1000.0,988.8081413984979,521.0584709998329,13760.261293999974,0.0
1774212255,10,,Aggregated,7.700000,7.700000,1000,1000,1000,1000,1000,1000,1000,1500,12000,14000,14000,3613,3613,1000.0,988.7273872549082,521.0584709998329,13760.261293999974,0.0
1774212256,10,,Aggregated,7.300000,7.300000,1000,1000,1000,1000,1000,1000,1000,1500,12000,14000,14000,3621,3621,1000.0,988.6395483233867,521.0584709998329,13760.261293999974,0.0
1774212257,10,,Aggregated,7.800000,7.800000,1000,1000,1000,1000,1000,1000,1000,1500,12000,14000,14000,3628,3628,1000.0,988.5491181375368,521.0584709998329,13760.261293999974,0.0
1774212258,10,,Aggregated,7.500000,7.500000,1000,1000,1000,1000,1000,1000,1000,1500,12000,14000,14000,3637,3637,1000.0,988.5994040294154,521.0584709998329,13760.261293999974,0.0
1774212259,10,,Aggregated,7.600000,7.600000,1000,1000,1000,1000,1000,1000,1000,1500,12000,14000,14000,3643,3643,1000.0,988.6315397315353,521.0584709998329,13760.261293999974,0.0
1774212260,10,,Aggregated,7.500000,7.500000,1000,1000,1000,1000,1000,1000,1000,1500,12000,14000,14000,3651,3651,1000.0,988.5471844154982,521.0584709998329,13760.261293999974,0.0
1774212261,10,,Aggregated,7.500000,7.500000,1000,1000,1000,1000,1000,1000,1000,1500,12000,14000,14000,3658,3658,1000.0,988.590385686163,521.0584709998329,13760.261293999974,0.0
1774212262,10,,Aggregated,7.700000,7.700000,1000,1000,1000,1000,1000,1000,1000,1500,12000,14000,14000,3665,3665,1000.0,988.5082763366943,521.0584709998329,13760.261293999974,0.0
1774212263,10,,Aggregated,7.700000,7.700000,1000,1000,1000,1000,1000,1000,1000,1500,12000,14000,14000,3674,3674,1000.0,988.4386901388091,521.0584709998329,13760.261293999974,0.0
1774212264,10,,Aggregated,7.900000,7.900000,1000,1000,1000,1000,1000,1000,1000,1500,12000,14000,14000,3683,3683,1000.0,988.49146990415,521.0584709998329,13760.261293999974,0.0
1774212265,10,,Aggregated,7.600000,7.600000,1000,1000,1000,1000,1000,1000,1000,1500,12000,14000,14000,3690,3690,1000.0,988.2914438945755,521.0584709998329,13760.261293999974,0.0
1774212266,10,,Aggregated,7.800000,7.800000,1000,1000,1000,1000,1000,1000,1000,1500,12000,14000,14000,3699,3699,1000.0,988.0949183952375,521.0584709998329,13760.261293999974,0.0
1774212267,10,,Aggregated,7.600000,7.600000,1000,1000,1000,1000,1000,1000,1000,1500,12000,14000,14000,3705,3705,1000.0,988.0003497206434,521.0584709998329,13760.261293999974,0.0
1774212268,10,,Aggregated,7.700000,7.700000,1000,1000,1000,1000,1000,1000,1000,1500,12000,14000,14000,3714,3714,1000.0,987.933433951261,521.0584709998329,13760.261293999974,0.0
1774212269,10,,Aggregated,7.800000,7.800000,1000,1000,1000,1000,1000,1000,1000,1500,12000,14000,14000,3721,3721,1000.0,987.9715029903207,521.0584709998329,13760.261293999974,0.0
1774212270,10,,Aggregated,7.700000,7.700000,1000,1000,1000,1000,1000,1000,1000,1500,12000,14000,14000,3729,3729,1000.0,987.897671559931,521.0584709998329,13760.261293999974,0.0
1774212271,10,,Aggregated,7.800000,7.800000,1000,1000,1000,1000,1000,1000,1000,1500,12000,14000,14000,3737,3737,1000.0,987.8243547631743,521.0584709998329,13760.261293999974,0.0
1774212272,10,,Aggregated,7.500000,7.500000,1000,1000,1000,1000,1000,1000,1000,1500,12000,14000,14000,3743,3743,1000.0,987.7403154336049,521.0584709998329,13760.261293999974,0.0
1774212273,10,,Aggregated,7.700000,7.700000,1000,1000,1000,1000,1000,1000,1000,1500,12000,14000,14000,3752,3752,1000.0,987.7997290210509,521.0584709998329,13760.261293999974,0.0
1774212274,10,,Aggregated,7.600000,7.600000,1000,1000,1000,1000,1000,1000,1000,1500,12000,14000,14000,3760,3760,1000.0,987.3626988143573,521.0584709998329,13760.261293999974,0.0
1774212275,10,,Aggregated,7.500000,7.500000,1000,1000,1000,1000,1000,1000,1000,1500,12000,14000,14000,3769,3769,1000.0,987.304991742633,521.0584709998329,13760.261293999974,0.0
1774212276,10,,Aggregated,7.700000,7.700000,1000,1000,1000,1000,1000,1000,1000,1500,12000,14000,14000,3775,3775,1000.0,987.2169127602605,521.0584709998329,13760.261293999974,0.0
1774212277,10,,Aggregated,7.800000,7.800000,1000,1000,1000,1000,1000,1000,1000,1500,12000,14000,14000,3783,3783,1000.0,987.1421745516744,521.0584709998329,13760.261293999974,0.0
1774212278,10,,Aggregated,7.700000,7.700000,1000,1000,1000,1000,1000,1000,1000,1500,12000,14000,14000,3792,3792,1000.0,986.9639903288462,521.0584709998329,13760.261293999974,0.0
1774212279,10,,Aggregated,7.600000,7.600000,1000,1000,1000,1000,1000,1000,1000,1500,12000,14000,14000,3801,3801,1000.0,986.8917550694513,521.0584709998329,13760.261293999974,0.0
1774212280,10,,Aggregated,7.500000,7.500000,1000,1000,1000,1000,1000,1000,1000,1500,12000,14000,14000,3806,3806,1000.0,986.8039075651561,521.0584709998329,13760.261293999974,0.0
1774212281,10,,Aggregated,7.600000,7.600000,1000,1000,1000,1000,1000,1000,1000,1500,12000,14000,14000,3814,3814,1000.0,986.7253313099063,521.0584709998329,13760.261293999974,0.0
1774212282,10,,Aggregated,8.000000,8.000000,1000,1000,1000,1000,1000,1000,1000,1500,12000,14000,14000,3823,3823,1000.0,986.6537660426319,521.0584709998329,13760.261293999974,0.0
1774212283,10,,Aggregated,7.700000,7.700000,1000,1000,1000,1000,1000,1000,1000,1500,12000,14000,14000,3830,3830,1000.0,986.5708740404652,521.0584709998329,13760.261293999974,0.0
1774212284,10,,Aggregated,7.500000,7.500000,1000,1000,1000,1000,1000,1000,1000,1500,12000,14000,14000,3838,3838,1000.0,986.4922147876453,521.0584709998329,13760.261293999974,0.0
1774212285,10,,Aggregated,7.800000,7.800000,1000,1000,1000,1000,1000,1000,1000,1500,12000,14000,14000,3844,3844,1000.0,986.4096230390177,521.0584709998329,13760.261293999974,0.0
1774212286,10,,Aggregated,7.700000,7.700000,1000,1000,1000,1000,1000,1000,1000,1500,12000,14000,14000,3854,3854,1000.0,986.4759445731667,521.0584709998329,13760.261293999974,0.0
1774212287,10,,Aggregated,7.600000,7.600000,1000,1000,1000,1000,1000,1000,1000,1500,12000,14000,14000,3861,3861,1000.0,986.1758791913971,521.0584709998329,13760.261293999974,0.0
1774212288,10,,Aggregated,7.400000,7.400000,1000,1000,1000,1000,1000,1000,1000,1500,12000,14000,14000,3870,3870,1000.0,986.0734994082644,521.0584709998329,13760.261293999974,0.0
1774212289,10,,Aggregated,7.700000,7.700000,1000,1000,1000,1000,1000,1000,1000,1500,12000,14000,14000,3875,3875,1000.0,986.0988750996084,521.0584709998329,13760.261293999974,0.0
1774212290,10,,Aggregated,7.800000,7.800000,1000,1000,1000,1000,1000,1000,1000,1500,12000,14000,14000,3885,3885,1000.0,986.0406743987087,521.0584709998329,13760.261293999974,0.0
1774212291,10,,Aggregated,7.800000,7.800000,1000,1000,1000,1000,1000,1000,1000,1500,12000,14000,14000,3892,3892,1000.0,986.0811236896155,521.0584709998329,13760.261293999974,0.0
1774212292,10,,Aggregated,7.300000,7.300000,1000,1000,1000,1000,1000,1000,1000,1500,12000,14000,14000,3898,3898,1000.0,986.0013845661836,521.0584709998329,13760.261293999974,0.0
1774212293,10,,Aggregated,7.800000,7.800000,1000,1000,1000,1000,1000,1000,1000,1500,12000,14000,14000,3908,3908,1000.0,985.6104260913468,521.0584709998329,13760.261293999974,0.0
1774212294,10,,Aggregated,7.900000,7.900000,1000,1000,1000,1000,1000,1000,1000,1500,12000,14000,14000,3916,3916,1000.0,985.41864789734,521.0584709998329,13760.261293999974,0.0
1774212295,10,,Aggregated,7.600000,7.600000,1000,1000,1000,1000,1000,1000,1000,1500,12000,14000,14000,3925,3925,1000.0,985.1210757638179,521.0584709998329,13760.261293999974,0.0
1774212296,10,,Aggregated,7.700000,7.700000,1000,1000,1000,1000,1000,1000,1000,1500,12000,14000,14000,3932,3932,1000.0,985.0456014252251,521.0584709998329,13760.261293999974,0.0
1774212297,10,,Aggregated,7.800000,7.800000,1000,1000,1000,1000,1000,1000,1000,1500,12000,14000,14000,3942,3942,1000.0,984.8798978234364,521.0584709998329,13760.261293999974,0.0
1774212298,10,,Aggregated,8.100000,8.100000,1000,1000,1000,1000,1000,1000,1000,1500,12000,14000,14000,3948,3948,1000.0,984.8040574202096,521.0584709998329,13760.261293999974,0.0
1774212300,10,,Aggregated,7.800000,7.800000,1000,1000,1000,1000,1000,1000,1000,1500,12000,14000,14000,3955,3955,1000.0,984.8483689074556,521.0584709998329,13760.261293999974,0.0
1774212301,10,,Aggregated,8.000000,8.000000,1000,1000,1000,1000,1000,1000,1000,1500,12000,14000,14000,3963,3963,1000.0,984.7969643517503,521.0584709998329,13760.261293999974,0.0
1774212302,10,,Aggregated,7.800000,7.800000,1000,1000,1000,1000,1000,1000,1000,1500,12000,14000,14000,3969,3969,1000.0,984.7236300697876,521.0584709998329,13760.261293999974,0.0
1774212303,10,,Aggregated,8.000000,8.000000,1000,1000,1000,1000,1000,1000,1000,1500,12000,14000,14000,3978,3978,1000.0,984.7143685201074,521.0584709998329,13760.261293999974,0.0
1774212304,10,,Aggregated,7.600000,7.600000,1000,1000,1000,1000,1000,1000,1000,1500,12000,14000,14000,3986,3986,1000.0,984.7692460915674,521.0584709998329,13760.261293999974,0.0
1774212305,10,,Aggregated,7.900000,7.900000,1000,1000,1000,1000,1000,1000,1000,1500,12000,14000,14000,3994,3994,1000.0,984.4820530728565,521.0584709998329,13760.261293999974,0.0
1774212306,10,,Aggregated,7.900000,7.900000,1000,1000,1000,1000,1000,1000,1000,1500,12000,14000,14000,4001,4001,1000.0,984.4178186645811,521.0584709998329,13760.261293999974,0.0
1774212307,10,,Aggregated,7.700000,7.700000,1000,1000,1000,1000,1000,1000,1000,1500,12000,14000,14000,4009,4009,1000.0,984.354133308553,521.0584709998329,13760.261293999974,0.0
1774212308,10,,Aggregated,7.700000,7.700000,1000,1000,1000,1000,1000,1000,1000,1500,12000,14000,14000,4016,4016,1000.0,984.4016637903358,521.0584709998329,13760.261293999974,0.0
1774212309,10,,Aggregated,7.600000,7.600000,1000,1000,1000,1000,1000,1000,1000,1500,12000,14000,14000,4026,4026,1000.0,984.118543134622,521.0584709998329,13760.261293999974,0.0
1774212310,10,,Aggregated,7.400000,7.400000,1000,1000,1000,1000,1000,1000,1000,1500,12000,14000,14000,4033,4033,1000.0,983.9423149218914,521.0584709998329,13760.261293999974,0.0
1774212311,10,,Aggregated,7.800000,7.800000,1000,1000,1000,1000,1000,1000,1000,1500,12000,14000,14000,4041,4041,1000.0,983.7708907508013,521.0584709998329,13760.261293999974,0.0
1774212312,10,,Aggregated,7.700000,7.700000,1000,1000,1000,1000,1000,1000,1000,1500,12000,14000,14000,4050,4050,1000.0,983.7225115417252,521.0584709998329,13760.261293999974,0.0
1774212313,10,,Aggregated,7.700000,7.700000,1000,1000,1000,1000,1000,1000,1000,1500,12000,14000,14000,4058,4058,1000.0,983.4389405155216,521.0584709998329,13760.261293999974,0.0
1774212314,10,,Aggregated,8.000000,8.000000,1000,1000,1000,1000,1000,1000,1000,1500,12000,14000,14000,4065,4065,1000.0,983.4938087638343,521.0584709998329,13760.261293999974,0.0
1774212315,10,,Aggregated,7.800000,7.800000,1000,1000,1000,1000,1000,1000,1000,1500,12000,14000,14000,4072,4072,1000.0,983.5456264550558,521.0584709998329,13760.261293999974,0.0
1774212316,10,,Aggregated,7.800000,7.800000,1000,1000,1000,1000,1000,1000,1000,1500,12000,14000,14000,4080,4080,1000.0,983.6023283448499,521.0584709998329,13760.261293999974,0.0
1774212317,10,,Aggregated,7.800000,7.800000,1000,1000,1000,1000,1000,1000,1000,1500,12000,14000,14000,4087,4087,1000.0,983.5456902280371,521.0584709998329,13760.261293999974,0.0
1774212318,10,,Aggregated,7.600000,7.600000,1000,1000,1000,1000,1000,1000,1000,1500,12000,14000,14000,4097,4097,1000.0,983.4982252262602,521.0584709998329,13760.261293999974,0.0
1774212319,10,,Aggregated,7.900000,7.900000,1000,1000,1000,1000,1000,1000,1000,1400,12000,14000,14000,4102,4102,1000.0,983.4219696867352,521.0584709998329,13760.261293999974,0.0
1774212320,10,,Aggregated,7.800000,7.800000,1000,1000,1000,1000,1000,1000,1000,1400,12000,14000,14000,4111,4111,1000.0,983.2601607302332,521.0584709998329,13760.261293999974,0.0
1774212321,10,,Aggregated,7.500000,7.500000,1000,1000,1000,1000,1000,1000,1000,1400,12000,14000,14000,4121,4121,1000.0,983.2166752729892,521.0584709998329,13760.261293999974,0.0
1774212322,10,,Aggregated,7.800000,7.800000,1000,1000,1000,1000,1000,1000,1000,1400,12000,14000,14000,4126,4126,1000.0,983.1353984558867,521.0584709998329,13760.261293999974,0.0
1774212323,10,,Aggregated,7.900000,7.900000,1000,1000,1000,1000,1000,1000,1000,1400,12000,14000,14000,4134,4134,1000.0,983.192647738749,521.0584709998329,13760.261293999974,0.0
1774212324,10,,Aggregated,7.500000,7.500000,1000,1000,1000,1000,1000,1000,1000,1400,12000,14000,14000,4142,4142,1000.0,983.1373068631069,521.0584709998329,13760.261293999974,0.0
1774212325,10,,Aggregated,7.500000,7.500000,1000,1000,1000,1000,1000,1000,1000,1400,12000,14000,14000,4150,4150,1000.0,983.0742836327685,521.0584709998329,13760.261293999974,0.0
1774212326,10,,Aggregated,7.800000,7.800000,1000,1000,1000,1000,1000,1000,1000,1400,12000,14000,14000,4159,4159,1000.0,982.8000330697258,521.0584709998329,13760.261293999974,0.0
1774212327,10,,Aggregated,7.900000,7.900000,1000,1000,1000,1000,1000,1000,1000,1400,12000,14000,14000,4166,4166,1000.0,982.8452783252494,521.0584709998329,13760.261293999974,0.0
1774212328,10,,Aggregated,7.900000,7.900000,1000,1000,1000,1000,1000,1000,1000,1400,12000,14000,14000,4172,4172,1000.0,982.6662877099686,521.0584709998329,13760.261293999974,0.0
1774212329,10,,Aggregated,7.500000,7.500000,1000,1000,1000,1000,1000,1000,1000,1400,12000,14000,14000,4182,4182,1000.0,982.7329733173096,521.0584709998329,13760.261293999974,0.0
1774212330,10,,Aggregated,7.800000,7.800000,1000,1000,1000,1000,1000,1000,1000,1400,12000,14000,14000,4191,4191,1000.0,982.7937908177021,521.0584709998329,13760.261293999974,0.0
1774212331,10,,Aggregated,8.000000,8.000000,1000,1000,1000,1000,1000,1000,1000,1400,12000,14000,14000,4196,4196,1000.0,982.6095949694923,521.0584709998329,13760.261293999974,0.0
1774212332,10,,Aggregated,7.600000,7.600000,1000,1000,1000,1000,1000,1000,1000,1400,12000,14000,14000,4204,4204,1000.0,982.6605360777808,521.0584709998329,13760.261293999974,0.0
1774212333,10,,Aggregated,7.500000,7.500000,1000,1000,1000,1000,1000,1000,1000,1400,12000,14000,14000,4213,4213,1000.0,982.6143857628747,521.0584709998329,13760.261293999974,0.0
1774212334,10,,Aggregated,7.900000,7.900000,1000,1000,1000,1000,1000,1000,1000,1400,12000,14000,14000,4220,4220,1000.0,982.6553519646898,521.0584709998329,13760.261293999974,0.0
1774212335,10,,Aggregated,8.000000,8.000000,1000,1000,1000,1000,1000,1000,1000,1400,12000,14000,14000,4226,4226,1000.0,982.6945205108831,521.0584709998329,13760.261293999974,0.0
1774212336,10,,Aggregated,7.600000,7.600000,1000,1000,1000,1000,1000,1000,1000,1400,12000,14000,14000,4235,4235,1000.0,982.640568888782,521.0584709998329,13760.261293999974,0.0
1774212337,10,,Aggregated,7.400000,7.400000,1000,1000,1000,1000,1000,1000,1000,1400,12000,14000,14000,4242,4242,1000.0,982.5724046244676,521.0584709998329,13760.261293999974,0.0
1774212338,10,,Aggregated,7.400000,7.400000,1000,1000,1000,1000,1000,1000,1000,1400,12000,14000,14000,4252,4252,1000.0,982.423667116649,521.0584709998329,13760.261293999974,0.0
1774212339,10,,Aggregated,7.900000,7.900000,1000,1000,1000,1000,1000,1000,1000,1400,12000,14000,14000,4259,4259,1000.0,982.2536560603409,521.0584709998329,13760.261293999974,0.0
1774212340,10,,Aggregated,7.600000,7.600000,1000,1000,1000,1000,1000,1000,1000,1400,12000,14000,14000,4266,4266,1000.0,982.194177203702,521.0584709998329,13760.261293999974,0.0
1774212341,10,,Aggregated,7.400000,7.400000,1000,1000,1000,1000,1000,1000,1000,1400,12000,14000,14000,4275,4275,1000.0,982.1387897550861,521.0584709998329,13760.261293999974,0.0
1774212342,10,,Aggregated,7.700000,7.700000,1000,1000,1000,1000,1000,1000,1000,1400,12000,14000,14000,4284,4284,1000.0,982.0843237829116,521.0584709998329,13760.261293999974,0.0
1774212343,10,,Aggregated,7.900000,7.900000,1000,1000,1000,1000,1000,1000,1000,1400,12000,14000,14000,4291,4291,1000.0,982.0191949951045,521.0584709998329,13760.261293999974,0.0
1774212344,10,,Aggregated,7.500000,7.500000,1000,1000,1000,1000,1000,1000,1000,1400,12000,14000,14000,4298,4298,1000.0,981.8548663980911,521.0584709998329,13760.261293999974,0.0
1774212345,10,,Aggregated,7.500000,7.500000,1000,1000,1000,1000,1000,1000,1000,1400,12000,14000,14000,4305,4305,1000.0,981.8046266183495,521.0584709998329,13760.261293999974,0.0
1774212346,10,,Aggregated,7.700000,7.700000,1000,1000,1000,1000,1000,1000,1000,1400,12000,14000,14000,4314,4314,1000.0,981.8603730419554,521.0584709998329,13760.261293999974,0.0
1774212347,10,,Aggregated,8.000000,8.000000,1000,1000,1000,1000,1000,1000,1000,1400,12000,14000,14000,4320,4320,1000.0,981.892754011573,521.0584709998329,13760.261293999974,0.0
1774212348,10,,Aggregated,7.700000,7.700000,1000,1000,1000,1000,1000,1000,1000,1400,12000,14000,14000,4328,4328,1000.0,981.9492421538806,521.0584709998329,13760.261293999974,0.0
1774212349,10,,Aggregated,7.600000,7.600000,1000,1000,1000,1000,1000,1000,1000,1400,12000,14000,14000,4337,4337,1000.0,981.8994344862797,521.0584709998329,13760.261293999974,0.0
1774212350,10,,Aggregated,7.700000,7.700000,1000,1000,1000,1000,1000,1000,1000,1400,12000,14000,14000,4345,4345,1000.0,981.7620487479851,521.0584709998329,13760.261293999974,0.0
1774212351,10,,Aggregated,7.800000,7.800000,1000,1000,1000,1000,1000,1000,1000,1400,12000,14000,14000,4352,4352,1000.0,981.5978449983908,521.0584709998329,13760.261293999974,0.0
1774212352,10,,Aggregated,7.700000,7.700000,1000,1000,1000,1000,1000,1000,1000,1400,12000,14000,14000,4361,4361,1000.0,981.5616848589765,521.0584709998329,13760.261293999974,0.0
1774212353,10,,Aggregated,7.500000,7.500000,1000,1000,1000,1000,1000,1000,1000,1400,12000,14000,14000,4366,4366,1000.0,981.5941494532743,521.0584709998329,13760.261293999974,0.0
1774212354,10,,Aggregated,7.800000,7.800000,1000,1000,1000,1000,1000,1000,1000,1400,12000,14000,14000,4376,4376,1000.0,981.5604264801178,521.0584709998329,13760.261293999974,0.0
1774212355,10,,Aggregated,7.600000,7.600000,1000,1000,1000,1000,1000,1000,1000,1400,12000,14000,14000,4382,4382,1000.0,981.6014319591501,521.0584709998329,13760.261293999974,0.0
1774212356,10,,Aggregated,7.600000,7.600000,1000,1000,1000,1000,1000,1000,1000,1400,12000,14000,14000,4392,4392,1000.0,981.3472762912105,521.0584709998329,13760.261293999974,0.0
1774212357,10,,Aggregated,7.300000,7.300000,1000,1000,1000,1000,1000,1000,1000,1400,12000,14000,14000,4397,4397,1000.0,981.3816695385484,521.0584709998329,13760.261293999974,0.0
1774212358,10,,Aggregated,7.800000,7.800000,1000,1000,1000,1000,1000,1000,1000,1300,12000,14000,14000,4405,4405,1000.0,981.2260059334839,521.0584709998329,13760.261293999974,0.0
1774212359,10,,Aggregated,7.600000,7.600000,1000,1000,1000,1000,1000,1000,1000,1300,12000,14000,14000,4415,4415,1000.0,981.2943365481306,521.0584709998329,13760.261293999974,0.0
1774212360,10,,Aggregated,7.800000,7.800000,1000,1000,1000,1000,1000,1000,1000,1300,12000,14000,14000,4421,4421,1000.0,981.3406345055411,521.0584709998329,13760.261293999974,0.0
1774212361,10,,Aggregated,7.600000,7.600000,1000,1000,1000,1000,1000,1000,1000,1300,12000,14000,14000,4430,4430,1000.0,981.1896614153491,521.0584709998329,13760.261293999974,0.0
1774212362,10,,Aggregated,7.500000,7.500000,1000,1000,1000,1000,1000,1000,1000,1300,12000,14000,14000,4437,4437,1000.0,981.0304111501008,521.0584709998329,13760.261293999974,0.0
1774212363,10,,Aggregated,7.700000,7.700000,1000,1000,1000,1000,1000,1000,1000,1300,12000,14000,14000,4444,4444,1000.0,981.0713821219617,521.0584709998329,13760.261293999974,0.0
1774212364,10,,Aggregated,7.700000,7.700000,1000,1000,1000,1000,1000,1000,1000,1300,12000,14000,14000,4452,4452,1000.0,981.1207269658573,521.0584709998329,13760.261293999974,0.0
1774212365,10,,Aggregated,7.800000,7.800000,1000,1000,1000,1000,1000,1000,1000,1300,12000,14000,14000,4461,4461,1000.0,981.1855900632138,521.0584709998329,13760.261293999974,0.0
1774212366,10,,Aggregated,7.800000,7.800000,1000,1000,1000,1000,1000,1000,1000,1300,12000,14000,14000,4466,4466,1000.0,981.1171040338103,521.0584709998329,13760.261293999974,0.0
1774212367,10,,Aggregated,7.700000,7.700000,1000,1000,1000,1000,1000,1000,1000,1300,12000,14000,14000,4475,4475,1000.0,981.1852785385469,521.0584709998329,13760.261293999974,0.0
1774212368,10,,Aggregated,7.600000,7.600000,1000,1000,1000,1000,1000,1000,1000,1300,12000,14000,14000,4483,4483,1000.0,981.240101037028,521.0584709998329,13760.261293999974,0.0
1774212369,10,,Aggregated,7.700000,7.700000,1000,1000,1000,1000,1000,1000,1000,1300,12000,14000,14000,4490,4490,1000.0,981.0839644155894,521.0584709998329,13760.261293999974,0.0
